3.79970e+03 8.414782671e-03
3.80060e+03 8.737606643e-03
3.80150e+03 8.990769382e-03
3.80240e+03 9.211948570e-03
3.80330e+03 9.402262797e-03
3.80420e+03 9.508790115e-03
3.80510e+03 9.535967511e-03
3.80600e+03 9.515281559e-03
3.80690e+03 9.535688642e-03
3.80780e+03 9.652371543e-03
3.80870e+03 9.807873558e-03
3.80960e+03 9.933391550e-03
3.81050e+03 9.985823671e-03
3.81140e+03 9.973579769e-03
3.81230e+03 9.905011486e-03
3.81320e+03 9.798698911e-03
3.81410e+03 9.717942933e-03
3.81500e+03 9.693262697e-03
3.81590e+03 9.698578255e-03
3.81680e+03 9.687091568e-03
3.81770e+03 9.566854332e-03
3.81860e+03 9.282236756e-03
3.81950e+03 9.010018957e-03
3.82040e+03 9.026260941e-03
3.82130e+03 9.308724495e-03
3.82220e+03 9.576278789e-03
3.82310e+03 9.640579979e-03
3.82400e+03 9.543736028e-03
3.82490e+03 9.447772440e-03
3.82580e+03 9.408706322e-03
3.82670e+03 9.384673933e-03
3.82760e+03 9.321526315e-03
3.82850e+03 9.222075943e-03
3.82940e+03 9.114109448e-03
3.83030e+03 8.981467372e-03
3.83120e+03 8.791080333e-03
3.83210e+03 8.552890203e-03
3.83300e+03 8.314469134e-03
3.83390e+03 8.084410878e-03
3.83480e+03 7.886030308e-03
3.83570e+03 7.858623810e-03
3.83660e+03 8.027269995e-03
3.83750e+03 8.262224860e-03
3.83840e+03 8.472354033e-03
3.83930e+03 8.656183310e-03
3.84020e+03 8.848199169e-03
3.84110e+03 9.059441377e-03
3.84200e+03 9.240701269e-03
3.84290e+03 9.364177570e-03
3.84380e+03 9.443417556e-03
3.84470e+03 9.502169358e-03
3.84560e+03 9.548925238e-03
3.84650e+03 9.617062613e-03
3.84740e+03 9.689332588e-03
3.84830e+03 9.709241603e-03
3.84920e+03 9.689423378e-03
3.85010e+03 9.707145046e-03
3.85100e+03 9.781098738e-03
3.85190e+03 9.832348081e-03
3.85280e+03 9.847056816e-03
3.85370e+03 9.838365518e-03
3.85460e+03 9.788664880e-03
3.85550e+03 9.707396546e-03
3.85640e+03 9.701118127e-03
3.85730e+03 9.776944859e-03
3.85820e+03 9.786367411e-03
3.85910e+03 9.756891442e-03
3.86000e+03 9.779326920e-03
3.86090e+03 9.834367937e-03
3.86180e+03 9.869991252e-03
3.86270e+03 9.878718360e-03
3.86360e+03 9.887522651e-03
3.86450e+03 9.890108911e-03
3.86540e+03 9.860870213e-03
3.86630e+03 9.791280884e-03
3.86720e+03 9.724089533e-03
3.86810e+03 9.719438499e-03
3.86900e+03 9.759398968e-03
3.86990e+03 9.761090408e-03
3.87080e+03 9.656691610e-03
3.87170e+03 9.484041721e-03
3.87260e+03 9.394646045e-03
3.87350e+03 9.453692378e-03
3.87440e+03 9.546304840e-03
3.87530e+03 9.564497306e-03
3.87620e+03 9.513010462e-03
3.87710e+03 9.415325273e-03
3.87800e+03 9.301054331e-03
3.87890e+03 9.262574356e-03
3.87980e+03 9.288613621e-03
3.88070e+03 9.245339690e-03
3.88160e+03 9.099724756e-03
3.88250e+03 8.950570510e-03
3.88340e+03 8.835851346e-03
3.88430e+03 8.688271134e-03
3.88520e+03 8.468584659e-03
3.88610e+03 8.239615874e-03
3.88700e+03 8.045222406e-03
3.88790e+03 7.856767263e-03
3.88880e+03 7.702685816e-03
3.88970e+03 7.711471746e-03
3.89060e+03 7.904592500e-03
3.89150e+03 8.161157803e-03
3.89240e+03 8.380215135e-03
3.89330e+03 8.546408177e-03
3.89420e+03 8.677327203e-03
3.89510e+03 8.790499650e-03
3.89600e+03 8.909148422e-03
3.89690e+03 9.021425041e-03
3.89780e+03 9.090069348e-03
3.89870e+03 9.125311382e-03
3.89960e+03 9.173304304e-03
3.90050e+03 9.261813684e-03
3.90140e+03 9.368574500e-03
3.90230e+03 9.404256155e-03
3.90320e+03 9.392102649e-03
3.90410e+03 9.392972178e-03
3.90500e+03 9.378838575e-03
3.90590e+03 9.359165164e-03
3.90680e+03 9.392293259e-03
3.90770e+03 9.464134526e-03
3.90860e+03 9.541074876e-03
3.90950e+03 9.599509183e-03
3.91040e+03 9.621997671e-03
3.91130e+03 9.593572207e-03
3.91220e+03 9.533362927e-03
3.91310e+03 9.472291144e-03
3.91400e+03 9.466121644e-03
3.91490e+03 9.487723872e-03
3.91580e+03 9.475797724e-03
3.91670e+03 9.432869004e-03
3.91760e+03 9.370960894e-03
3.91850e+03 9.276177034e-03
3.91940e+03 9.184316915e-03
3.92030e+03 9.133733545e-03
3.92120e+03 9.158649772e-03
3.92210e+03 9.205775035e-03
3.92300e+03 9.214399439e-03
3.92390e+03 9.169813642e-03
3.92480e+03 9.061148750e-03
3.92570e+03 8.918641388e-03
3.92660e+03 8.806425171e-03
3.92750e+03 8.766240868e-03
3.92840e+03 8.788256801e-03
3.92930e+03 8.790121987e-03
3.93020e+03 8.739665854e-03
3.93110e+03 8.649104800e-03
3.93200e+03 8.479200803e-03
3.93290e+03 8.256026713e-03
3.93380e+03 8.153330401e-03
3.93470e+03 8.293906816e-03
3.93560e+03 8.533293688e-03
3.93650e+03 8.706183749e-03
3.93740e+03 8.837953767e-03
3.93830e+03 8.942336987e-03
3.93920e+03 9.020752232e-03
3.94010e+03 9.071440982e-03
3.94100e+03 9.091106677e-03
3.94190e+03 9.084105344e-03
3.94280e+03 9.052970461e-03
3.94370e+03 9.019904538e-03
3.94460e+03 9.039408584e-03
3.94550e+03 9.103730570e-03
3.94640e+03 9.152078235e-03
3.94730e+03 9.128993246e-03
3.94820e+03 9.085802242e-03
3.94910e+03 9.074801834e-03
3.95000e+03 9.104858439e-03
3.95090e+03 9.109253455e-03
3.95180e+03 9.058910970e-03
3.95270e+03 9.016741186e-03
3.95360e+03 9.017147469e-03
3.95450e+03 8.997219589e-03
3.95540e+03 8.901874832e-03
3.95630e+03 8.792312364e-03
3.95720e+03 8.750587654e-03
3.95810e+03 8.773576668e-03
3.95900e+03 8.780214246e-03
3.95990e+03 8.708047268e-03
3.96080e+03 8.558001949e-03
3.96170e+03 8.398082149e-03
3.96260e+03 8.250764034e-03
3.96350e+03 8.087841287e-03
3.96440e+03 7.879063151e-03
3.96530e+03 7.675800112e-03
3.96620e+03 7.520711874e-03
3.96710e+03 7.363044349e-03
3.96800e+03 7.186853506e-03
3.96890e+03 7.065970272e-03
3.96980e+03 7.047384747e-03
3.97070e+03 7.122612131e-03
3.97160e+03 7.282043956e-03
3.97250e+03 7.456073621e-03
3.97340e+03 7.608044287e-03
3.97430e+03 7.782976995e-03
3.97520e+03 7.979891748e-03
3.97610e+03 8.143597584e-03
3.97700e+03 8.279092442e-03
3.97790e+03 8.409306662e-03
3.97880e+03 8.530155947e-03
3.97970e+03 8.629538467e-03
3.98060e+03 8.672224468e-03
3.98150e+03 8.654543315e-03
3.98240e+03 8.641250666e-03
3.98330e+03 8.678968087e-03
3.98420e+03 8.756276531e-03
3.98510e+03 8.839396873e-03
3.98600e+03 8.899245455e-03
3.98690e+03 8.944359335e-03
3.98780e+03 8.984678656e-03
3.98870e+03 9.010505168e-03
3.98960e+03 9.016662320e-03
3.99050e+03 9.022848335e-03
3.99140e+03 9.053677090e-03
3.99230e+03 9.097462389e-03
3.99320e+03 9.101794759e-03
3.99410e+03 9.048410978e-03
3.99500e+03 8.955566430e-03
3.99590e+03 8.894839171e-03
3.99680e+03 8.895602554e-03
3.99770e+03 8.922987796e-03
3.99860e+03 8.987244996e-03
3.99950e+03 9.084818785e-03
4.00040e+03 9.146269012e-03
4.00130e+03 9.150707683e-03
4.00220e+03 9.145913074e-03
4.00310e+03 9.135069485e-03
4.00400e+03 9.076077595e-03
4.00490e+03 8.964725283e-03
4.00580e+03 8.910227603e-03
4.00670e+03 8.949453164e-03
4.00760e+03 8.969739470e-03
4.00850e+03 8.893759967e-03
4.00940e+03 8.813424678e-03
4.01030e+03 8.848941354e-03
4.01120e+03 8.953899209e-03
4.01210e+03 9.027889579e-03
4.01300e+03 9.076204558e-03
4.01390e+03 9.113903416e-03
4.01480e+03 9.138780126e-03
4.01570e+03 9.159917413e-03
4.01660e+03 9.147826356e-03
4.01750e+03 9.128949407e-03
4.01840e+03 9.148663539e-03
4.01930e+03 9.183253989e-03
4.02020e+03 9.178747412e-03
4.02110e+03 9.129228823e-03
4.02200e+03 9.056769529e-03
4.02290e+03 8.943202923e-03
4.02380e+03 8.758560784e-03
4.02470e+03 8.534311899e-03
4.02560e+03 8.367132345e-03
4.02650e+03 8.366119405e-03
4.02740e+03 8.565381993e-03
4.02830e+03 8.815066709e-03
4.02920e+03 8.931298987e-03
4.03010e+03 8.898142812e-03
4.03100e+03 8.845981045e-03
4.03190e+03 8.838056450e-03
4.03280e+03 8.853581627e-03
4.03370e+03 8.885957456e-03
4.03460e+03 8.927145447e-03
4.03550e+03 8.991832740e-03
4.03640e+03 9.077538641e-03
4.03730e+03 9.142706635e-03
4.03820e+03 9.147527762e-03
4.03910e+03 9.107484383e-03
4.04000e+03 9.049463621e-03
4.04090e+03 9.000441725e-03
4.04180e+03 9.004789088e-03
4.04270e+03 9.021863420e-03
4.04360e+03 8.966476564e-03
4.04450e+03 8.835581529e-03
4.04540e+03 8.748037790e-03
4.04630e+03 8.824538201e-03
4.04720e+03 8.970870233e-03
4.04810e+03 9.035158731e-03
4.04900e+03 9.029443341e-03
4.04990e+03 9.028509172e-03
4.05080e+03 9.026339676e-03
4.05170e+03 8.994138022e-03
4.05260e+03 8.928610359e-03
4.05350e+03 8.865944879e-03
4.05440e+03 8.830703548e-03
4.05530e+03 8.831640415e-03
4.05620e+03 8.833282285e-03
4.05710e+03 8.797062284e-03
4.05800e+03 8.770478229e-03
4.05890e+03 8.806586924e-03
4.05980e+03 8.877325725e-03
4.06070e+03 8.903911923e-03
4.06160e+03 8.856525652e-03
4.06250e+03 8.751360937e-03
4.06340e+03 8.674946605e-03
4.06430e+03 8.709505862e-03
4.06520e+03 8.793124215e-03
4.06610e+03 8.808968373e-03
4.06700e+03 8.771744005e-03
4.06790e+03 8.780379066e-03
4.06880e+03 8.825076270e-03
4.06970e+03 8.793486462e-03
4.07060e+03 8.679323043e-03
4.07150e+03 8.589075546e-03
4.07240e+03 8.601117080e-03
4.07330e+03 8.678066367e-03
4.07420e+03 8.703383977e-03
4.07510e+03 8.612299407e-03
4.07600e+03 8.454140780e-03
4.07690e+03 8.327803741e-03
4.07780e+03 8.323986448e-03
4.07870e+03 8.431469580e-03
4.07960e+03 8.559085857e-03
4.08050e+03 8.657482824e-03
4.08140e+03 8.694390831e-03
4.08230e+03 8.639347850e-03
4.08320e+03 8.538055012e-03
4.08410e+03 8.468794938e-03
4.08500e+03 8.439956482e-03
4.08590e+03 8.434846035e-03
4.08680e+03 8.458430214e-03
4.08770e+03 8.480936183e-03
4.08860e+03 8.455346127e-03
4.08950e+03 8.410718531e-03
4.09040e+03 8.405566947e-03
4.09130e+03 8.397028586e-03
4.09220e+03 8.344420185e-03
4.09310e+03 8.288444838e-03
4.09400e+03 8.214526837e-03
4.09490e+03 8.065601744e-03
4.09580e+03 7.854165850e-03
4.09670e+03 7.662963947e-03
4.09760e+03 7.551422582e-03
4.09850e+03 7.533343044e-03
4.09940e+03 7.561171880e-03
4.10030e+03 7.535564268e-03
4.10120e+03 7.430335248e-03
4.10210e+03 7.354249275e-03
4.10300e+03 7.371103410e-03
4.10390e+03 7.432336042e-03
4.10480e+03 7.518596617e-03
4.10570e+03 7.630541640e-03
4.10660e+03 7.746849097e-03
4.10750e+03 7.840226484e-03
4.10840e+03 7.889096778e-03
4.10930e+03 7.908682670e-03
4.11020e+03 7.925554344e-03
4.11110e+03 7.973673373e-03
4.11200e+03 8.044713890e-03
4.11290e+03 8.124521434e-03
4.11380e+03 8.187717428e-03
4.11470e+03 8.225731265e-03
4.11560e+03 8.248375673e-03
4.11650e+03 8.265287042e-03
4.11740e+03 8.252309140e-03
4.11830e+03 8.198190634e-03
4.11920e+03 8.134699705e-03
4.12010e+03 8.085997837e-03
4.12100e+03 8.059893005e-03
4.12190e+03 8.094025610e-03
4.12280e+03 8.190596510e-03
4.12370e+03 8.308142756e-03
4.12460e+03 8.396904573e-03
4.12550e+03 8.427635692e-03
4.12640e+03 8.392581773e-03
4.12730e+03 8.299092994e-03
4.12820e+03 8.240088838e-03
4.12910e+03 8.248501262e-03
4.13000e+03 8.262793477e-03
4.13090e+03 8.238956483e-03
4.13180e+03 8.203841987e-03
4.13270e+03 8.205894278e-03
4.13360e+03 8.247828421e-03
4.13450e+03 8.319494433e-03
4.13540e+03 8.400282656e-03
4.13630e+03 8.422116884e-03
4.13720e+03 8.408615743e-03
4.13810e+03 8.423315805e-03
4.13900e+03 8.457669030e-03
4.13990e+03 8.464393992e-03
4.14080e+03 8.419999379e-03
4.14170e+03 8.279826616e-03
4.14260e+03 8.040866558e-03
4.14350e+03 7.844323998e-03
4.14440e+03 7.864970252e-03
4.14530e+03 8.074029925e-03
4.14620e+03 8.273374691e-03
4.14710e+03 8.359874964e-03
4.14800e+03 8.369037687e-03
4.14890e+03 8.344934062e-03
4.14980e+03 8.314171474e-03
4.15070e+03 8.317264885e-03
4.15160e+03 8.322345852e-03
4.15250e+03 8.294874111e-03
4.15340e+03 8.248810957e-03
4.15430e+03 8.218056672e-03
4.15520e+03 8.219027094e-03
4.15610e+03 8.235650994e-03
4.15700e+03 8.260949675e-03
4.15790e+03 8.306818656e-03
4.15880e+03 8.347751850e-03
4.15970e+03 8.351149622e-03
4.16060e+03 8.318265979e-03
4.16150e+03 8.297745685e-03
4.16240e+03 8.317592030e-03
4.16330e+03 8.332449236e-03
4.16420e+03 8.328032244e-03
4.16510e+03 8.323063527e-03
4.16600e+03 8.293211701e-03
4.16690e+03 8.237909972e-03
4.16780e+03 8.198130654e-03
4.16870e+03 8.202848768e-03
4.16960e+03 8.215128890e-03
4.17050e+03 8.180044984e-03
4.17140e+03 8.083119922e-03
4.17230e+03 7.972272197e-03
4.17320e+03 7.928883485e-03
4.17410e+03 7.972152968e-03
4.17500e+03 8.048752802e-03
4.17590e+03 8.093312018e-03
4.17680e+03 8.072312193e-03
4.17770e+03 8.022308631e-03
4.17860e+03 8.025063156e-03
4.17950e+03 8.095092173e-03
4.18040e+03 8.157585527e-03
4.18130e+03 8.143918481e-03
4.18220e+03 8.101626156e-03
4.18310e+03 8.097608515e-03
4.18400e+03 8.123697523e-03
4.18490e+03 8.162846435e-03
4.18580e+03 8.158898526e-03
4.18670e+03 8.085579178e-03
4.18760e+03 8.045789875e-03
4.18850e+03 8.092725743e-03
4.18940e+03 8.141057314e-03
4.19030e+03 8.124248266e-03
4.19120e+03 8.096658220e-03
4.19210e+03 8.142852943e-03
4.19300e+03 8.222173875e-03
4.19390e+03 8.226498247e-03
4.19480e+03 8.146040231e-03
4.19570e+03 8.052224492e-03
4.19660e+03 8.001465817e-03
4.19750e+03 7.958624922e-03
4.19840e+03 7.906081576e-03
4.19930e+03 7.904151420e-03
4.20020e+03 7.938635519e-03
4.20110e+03 7.937387815e-03
4.20200e+03 7.927119143e-03
4.20290e+03 7.946741927e-03
4.20380e+03 7.960307447e-03
4.20470e+03 7.954216891e-03
4.20560e+03 7.975056214e-03
4.20650e+03 8.026167119e-03
4.20740e+03 8.071004885e-03
4.20830e+03 8.084174965e-03
4.20920e+03 8.065781890e-03
4.21010e+03 8.054695191e-03
4.21100e+03 8.073505609e-03
4.21190e+03 8.097533751e-03
4.21280e+03 8.094132591e-03
4.21370e+03 8.042163777e-03
4.21460e+03 7.941716962e-03
4.21550e+03 7.856222382e-03
4.21640e+03 7.888264906e-03
4.21730e+03 7.998096430e-03
4.21820e+03 8.060438601e-03
4.21910e+03 8.064063003e-03
4.22000e+03 8.056681700e-03
4.22090e+03 8.063079807e-03
4.22180e+03 8.040629928e-03
4.22270e+03 7.981458861e-03
4.22360e+03 7.910414501e-03
4.22450e+03 7.820082681e-03
4.22540e+03 7.705237633e-03
4.22630e+03 7.605037571e-03
4.22720e+03 7.618831075e-03
4.22810e+03 7.763740188e-03
4.22900e+03 7.920423176e-03
4.22990e+03 8.000289542e-03
4.23080e+03 8.026335180e-03
4.23170e+03 7.970680382e-03
4.23260e+03 7.855685035e-03
4.23350e+03 7.793375264e-03
4.23440e+03 7.825456240e-03
4.23530e+03 7.845374058e-03
4.23620e+03 7.830633417e-03
4.23710e+03 7.834605949e-03
4.23800e+03 7.837977056e-03
4.23890e+03 7.823018710e-03
4.23980e+03 7.830406700e-03
4.24070e+03 7.870721882e-03
4.24160e+03 7.894898368e-03
4.24250e+03 7.905625776e-03
4.24340e+03 7.952961997e-03
4.24430e+03 8.007063124e-03
4.24520e+03 7.978628453e-03
4.24610e+03 7.873684052e-03
4.24700e+03 7.796825562e-03
4.24790e+03 7.812238642e-03
4.24880e+03 7.848943490e-03
4.24970e+03 7.817041826e-03
4.25060e+03 7.765102132e-03
4.25150e+03 7.785581962e-03
4.25240e+03 7.821765843e-03
4.25330e+03 7.787215207e-03
4.25420e+03 7.720930927e-03
4.25510e+03 7.728471316e-03
4.25600e+03 7.807789658e-03
4.25690e+03 7.854191335e-03
4.25780e+03 7.820311346e-03
4.25870e+03 7.757421818e-03
4.25960e+03 7.692959652e-03
4.26050e+03 7.656082348e-03
4.26140e+03 7.699035377e-03
4.26230e+03 7.792468069e-03
4.26320e+03 7.877745434e-03
4.26410e+03 7.916595688e-03
4.26500e+03 7.915468405e-03
4.26590e+03 7.861224292e-03
4.26680e+03 7.751059361e-03
4.26770e+03 7.672157302e-03
4.26860e+03 7.670889337e-03
4.26950e+03 7.681729588e-03
4.27040e+03 7.627985847e-03
4.27130e+03 7.533745670e-03
4.27220e+03 7.510420276e-03
4.27310e+03 7.557090618e-03
4.27400e+03 7.572442012e-03
4.27490e+03 7.562398182e-03
4.27580e+03 7.604467918e-03
4.27670e+03 7.679811188e-03
4.27760e+03 7.734052857e-03
4.27850e+03 7.760429782e-03
4.27940e+03 7.739661301e-03
4.28030e+03 7.689942105e-03
4.28120e+03 7.650961790e-03
4.28210e+03 7.613680364e-03
4.28300e+03 7.599202994e-03
4.28390e+03 7.607562522e-03
4.28480e+03 7.595808909e-03
4.28570e+03 7.576603606e-03
4.28660e+03 7.564375136e-03
4.28750e+03 7.536892818e-03
4.28840e+03 7.461512356e-03
4.28930e+03 7.346783371e-03
4.29020e+03 7.298667139e-03
4.29110e+03 7.381990573e-03
4.29200e+03 7.516658731e-03
4.29290e+03 7.585463367e-03
4.29380e+03 7.548290382e-03
4.29470e+03 7.502045348e-03
4.29560e+03 7.500574674e-03
4.29650e+03 7.511175078e-03
4.29740e+03 7.498538777e-03
4.29830e+03 7.408720673e-03
4.29920e+03 7.273034251e-03
4.30010e+03 7.220475146e-03
4.30100e+03 7.256492818e-03
4.30190e+03 7.276888870e-03
4.30280e+03 7.284811238e-03
4.30370e+03 7.337017902e-03
4.30460e+03 7.371911209e-03
4.30550e+03 7.353279266e-03
4.30640e+03 7.317635586e-03
4.30730e+03 7.271442196e-03
4.30820e+03 7.240239727e-03
4.30910e+03 7.265081066e-03
4.31000e+03 7.356648611e-03
4.31090e+03 7.461315009e-03
4.31180e+03 7.492508050e-03
4.31270e+03 7.436295047e-03
4.31360e+03 7.336453063e-03
4.31450e+03 7.278845310e-03
4.31540e+03 7.352194224e-03
4.31630e+03 7.479087694e-03
4.31720e+03 7.521344604e-03
4.31810e+03 7.484471510e-03
4.31900e+03 7.429541566e-03
4.31990e+03 7.364083733e-03
4.32080e+03 7.315597065e-03
4.32170e+03 7.339016973e-03
4.32260e+03 7.378714733e-03
4.32350e+03 7.332844634e-03
4.32440e+03 7.179502182e-03
4.32530e+03 7.018331301e-03
4.32620e+03 6.987696030e-03
4.32710e+03 7.106320959e-03
4.32800e+03 7.239902664e-03
4.32890e+03 7.269813888e-03
4.32980e+03 7.187526150e-03
4.33070e+03 7.092653368e-03
4.33160e+03 7.056878282e-03
4.33250e+03 7.040248510e-03
4.33340e+03 6.997760867e-03
4.33430e+03 6.956565247e-03
4.33520e+03 6.913903608e-03
4.33610e+03 6.810167895e-03
4.33700e+03 6.691178880e-03
4.33790e+03 6.740870821e-03
4.33880e+03 6.983248368e-03
4.33970e+03 7.190559964e-03
4.34060e+03 7.235573332e-03
4.34150e+03 7.176365746e-03
4.34240e+03 7.019965228e-03
4.34330e+03 6.792251516e-03
4.34420e+03 6.638036654e-03
4.34510e+03 6.627691889e-03
4.34600e+03 6.675565371e-03
4.34690e+03 6.722632043e-03
4.34780e+03 6.803495396e-03
4.34870e+03 6.898404461e-03
4.34960e+03 6.914847758e-03
4.35050e+03 6.812478489e-03
4.35140e+03 6.707266453e-03
4.35230e+03 6.747004097e-03
4.35320e+03 6.899120561e-03
4.35410e+03 7.026692378e-03
4.35500e+03 7.102644047e-03
4.35590e+03 7.180981775e-03
4.35680e+03 7.235829062e-03
4.35770e+03 7.214426214e-03
4.35860e+03 7.149613197e-03
4.35950e+03 7.128320220e-03
4.36040e+03 7.177932423e-03
4.36130e+03 7.253343018e-03
4.36220e+03 7.303520116e-03
4.36310e+03 7.336979380e-03
4.36400e+03 7.380941144e-03
4.36490e+03 7.406011862e-03
4.36580e+03 7.376633541e-03
4.36670e+03 7.279078931e-03
4.36760e+03 7.173740619e-03
4.36850e+03 7.151670872e-03
4.36940e+03 7.205612323e-03
4.37030e+03 7.261538733e-03
4.37120e+03 7.287896075e-03
4.37210e+03 7.292454151e-03
4.37300e+03 7.237076136e-03
4.37390e+03 7.115647484e-03
4.37480e+03 7.040540073e-03
4.37570e+03 7.098316756e-03
4.37660e+03 7.242480860e-03
4.37750e+03 7.358787760e-03
4.37840e+03 7.374191358e-03
4.37930e+03 7.320790944e-03
4.38020e+03 7.294446313e-03
4.38110e+03 7.291787629e-03
4.38200e+03 7.212532383e-03
4.38290e+03 7.018891691e-03
4.38380e+03 6.845263949e-03
4.38470e+03 6.823942216e-03
4.38560e+03 6.921156388e-03
4.38650e+03 6.960511607e-03
4.38740e+03 6.873015686e-03
4.38830e+03 6.808665331e-03
4.38920e+03 6.857975615e-03
4.39010e+03 6.950710636e-03
4.39100e+03 7.043772654e-03
4.39190e+03 7.139015220e-03
4.39280e+03 7.191050999e-03
4.39370e+03 7.141963224e-03
4.39460e+03 7.045732191e-03
4.39550e+03 7.051523338e-03
4.39640e+03 7.176186957e-03
4.39730e+03 7.269030618e-03
4.39820e+03 7.248421643e-03
4.39910e+03 7.152800264e-03
4.40000e+03 7.055070518e-03
4.40090e+03 7.046789356e-03
4.40180e+03 7.149495526e-03
4.40270e+03 7.220759256e-03
4.40360e+03 7.136925668e-03
4.40450e+03 7.016206240e-03
4.40540e+03 7.009778959e-03
4.40630e+03 7.070030740e-03
4.40720e+03 7.065016831e-03
4.40810e+03 7.010904970e-03
4.40900e+03 7.018072260e-03
4.40990e+03 7.103902099e-03
4.41080e+03 7.171174783e-03
4.41170e+03 7.201168040e-03
4.41260e+03 7.213103590e-03
4.41350e+03 7.152630509e-03
4.41440e+03 6.991259834e-03
4.41530e+03 6.849406210e-03
4.41620e+03 6.826162031e-03
4.41710e+03 6.870066596e-03
4.41800e+03 6.949395777e-03
4.41890e+03 7.053242831e-03
4.41980e+03 7.115323516e-03
4.42070e+03 7.095359349e-03
4.42160e+03 7.022500093e-03
4.42250e+03 6.966570932e-03
4.42340e+03 6.977698714e-03
4.42430e+03 7.022275568e-03
4.42520e+03 7.034321131e-03
4.42610e+03 7.001933069e-03
4.42700e+03 6.968277605e-03
4.42790e+03 6.964433075e-03
4.42880e+03 6.964237027e-03
4.42970e+03 6.918307459e-03
4.43060e+03 6.882177643e-03
4.43150e+03 6.917935207e-03
4.43240e+03 6.943348238e-03
4.43330e+03 6.897072547e-03
4.43420e+03 6.818008925e-03
4.43510e+03 6.768453988e-03
4.43600e+03 6.802940157e-03
4.43690e+03 6.892766292e-03
4.43780e+03 6.982915193e-03
4.43870e+03 7.061153623e-03
4.43960e+03 7.086503881e-03
4.44050e+03 7.023397153e-03
4.44140e+03 6.908060199e-03
4.44230e+03 6.795001236e-03
4.44320e+03 6.742958604e-03
4.44410e+03 6.810074622e-03
4.44500e+03 6.948448195e-03
4.44590e+03 7.031354785e-03
4.44680e+03 7.020187619e-03
4.44770e+03 7.005479770e-03
4.44860e+03 7.016579744e-03
4.44950e+03 6.984513132e-03
4.45040e+03 6.941519743e-03
4.45130e+03 6.953188821e-03
4.45220e+03 6.982751945e-03
4.45310e+03 6.954421873e-03
4.45400e+03 6.864836735e-03
4.45490e+03 6.779918211e-03
4.45580e+03 6.766347543e-03
4.45670e+03 6.809841846e-03
4.45760e+03 6.828565699e-03
4.45850e+03 6.815189689e-03
4.45940e+03 6.798304531e-03
4.46030e+03 6.773572004e-03
4.46120e+03 6.725940322e-03
4.46210e+03 6.718607154e-03
4.46300e+03 6.788322519e-03
4.46390e+03 6.841462629e-03
4.46480e+03 6.818723883e-03
4.46570e+03 6.780792014e-03
4.46660e+03 6.753923237e-03
4.46750e+03 6.702427909e-03
4.46840e+03 6.605184222e-03
4.46930e+03 6.495889924e-03
4.47020e+03 6.386383542e-03
4.47110e+03 6.287348394e-03
4.47200e+03 6.304365328e-03
4.47290e+03 6.489098707e-03
4.47380e+03 6.716081692e-03
4.47470e+03 6.839883907e-03
4.47560e+03 6.875184827e-03
4.47650e+03 6.916144387e-03
4.47740e+03 6.961553291e-03
4.47830e+03 6.938212187e-03
4.47920e+03 6.808779586e-03
4.48010e+03 6.603231573e-03
4.48100e+03 6.436406123e-03
4.48190e+03 6.447895249e-03
4.48280e+03 6.621389253e-03
4.48370e+03 6.807029972e-03
4.48460e+03 6.913440124e-03
4.48550e+03 6.962467252e-03
4.48640e+03 6.972959868e-03
4.48730e+03 6.917134752e-03
4.48820e+03 6.801378379e-03
4.48910e+03 6.696896620e-03
4.49000e+03 6.669758967e-03
4.49090e+03 6.728809594e-03
4.49180e+03 6.815166841e-03
4.49270e+03 6.852998350e-03
4.49360e+03 6.806576653e-03
4.49450e+03 6.735304650e-03
4.49540e+03 6.708631316e-03
4.49630e+03 6.720597090e-03
4.49720e+03 6.767860804e-03
4.49810e+03 6.837661640e-03
4.49900e+03 6.873302862e-03
4.49990e+03 6.837687791e-03
4.50080e+03 6.754027653e-03
4.50170e+03 6.731719847e-03
4.50260e+03 6.832770822e-03
4.50350e+03 6.950851818e-03
4.50440e+03 6.981763026e-03
4.50530e+03 6.945291259e-03
4.50620e+03 6.875208177e-03
4.50710e+03 6.798078664e-03
4.50800e+03 6.758672356e-03
4.50890e+03 6.775915300e-03
4.50980e+03 6.823687030e-03
4.51070e+03 6.841300130e-03
4.51160e+03 6.800736370e-03
4.51250e+03 6.741925804e-03
4.51340e+03 6.702250897e-03
4.51430e+03 6.677134012e-03
4.51520e+03 6.669390627e-03
4.51610e+03 6.692274345e-03
4.51700e+03 6.701123815e-03
4.51790e+03 6.680221024e-03
4.51880e+03 6.677331213e-03
4.51970e+03 6.708848965e-03
4.52060e+03 6.755901816e-03
4.52150e+03 6.748230843e-03
4.52240e+03 6.661932634e-03
4.52330e+03 6.608109765e-03
4.52420e+03 6.615772409e-03
4.52510e+03 6.600730145e-03
4.52600e+03 6.559333155e-03
4.52690e+03 6.517900868e-03
4.52780e+03 6.474677611e-03
4.52870e+03 6.446017593e-03
4.52960e+03 6.460992244e-03
4.53050e+03 6.498285018e-03
4.53140e+03 6.544690517e-03
4.53230e+03 6.566095235e-03
4.53320e+03 6.501078245e-03
4.53410e+03 6.407716592e-03
4.53500e+03 6.390152317e-03
4.53590e+03 6.487940624e-03
4.53680e+03 6.651126515e-03
4.53770e+03 6.748722966e-03
4.53860e+03 6.728296246e-03
4.53950e+03 6.637615634e-03
4.54040e+03 6.541863498e-03
4.54130e+03 6.510505410e-03
4.54220e+03 6.552003847e-03
4.54310e+03 6.595623203e-03
4.54400e+03 6.571447153e-03
4.54490e+03 6.526449137e-03
4.54580e+03 6.537013923e-03
4.54670e+03 6.571141731e-03
4.54760e+03 6.548252892e-03
4.54850e+03 6.447790721e-03
4.54940e+03 6.371377482e-03
4.55030e+03 6.413576430e-03
4.55120e+03 6.475618975e-03
4.55210e+03 6.432029875e-03
4.55300e+03 6.331241763e-03
4.55390e+03 6.275945918e-03
4.55480e+03 6.295429381e-03
4.55570e+03 6.377451729e-03
4.55660e+03 6.504358193e-03
4.55750e+03 6.597211349e-03
4.55840e+03 6.616019037e-03
4.55930e+03 6.607026584e-03
4.56020e+03 6.613176883e-03
4.56110e+03 6.628285802e-03
4.56200e+03 6.614107748e-03
4.56290e+03 6.542273489e-03
4.56380e+03 6.461199318e-03
4.56470e+03 6.435261877e-03
4.56560e+03 6.469509203e-03
4.56650e+03 6.532436320e-03
4.56740e+03 6.577334293e-03
4.56830e+03 6.575691758e-03
4.56920e+03 6.571558412e-03
4.57010e+03 6.552186450e-03
4.57100e+03 6.471525072e-03
4.57190e+03 6.431594529e-03
4.57280e+03 6.513677811e-03
4.57370e+03 6.586984063e-03
4.57460e+03 6.548749016e-03
4.57550e+03 6.500755708e-03
4.57640e+03 6.516430547e-03
4.57730e+03 6.550870476e-03
4.57820e+03 6.534268931e-03
4.57910e+03 6.462361615e-03
4.58000e+03 6.399832173e-03
4.58090e+03 6.404471575e-03
4.58180e+03 6.434080619e-03
4.58270e+03 6.413787221e-03
4.58360e+03 6.360901830e-03
4.58450e+03 6.349735290e-03
4.58540e+03 6.367368761e-03
4.58630e+03 6.383866692e-03
4.58720e+03 6.406892167e-03
4.58810e+03 6.433118828e-03
4.58900e+03 6.437128204e-03
4.58990e+03 6.407004413e-03
4.59080e+03 6.346186575e-03
4.59170e+03 6.291106393e-03
4.59260e+03 6.294003378e-03
4.59350e+03 6.326497141e-03
4.59440e+03 6.333171450e-03
4.59530e+03 6.329385012e-03
4.59620e+03 6.336222872e-03
4.59710e+03 6.352243854e-03
4.59800e+03 6.375397340e-03
4.59890e+03 6.396806575e-03
4.59980e+03 6.368090074e-03
4.60070e+03 6.323689418e-03
4.60160e+03 6.323733201e-03
4.60250e+03 6.345786521e-03
4.60340e+03 6.370044983e-03
4.60430e+03 6.378279559e-03
4.60520e+03 6.357797147e-03
4.60610e+03 6.343900257e-03
4.60700e+03 6.375381033e-03
4.60790e+03 6.449470843e-03
4.60880e+03 6.510869505e-03
4.60970e+03 6.519143118e-03
4.61060e+03 6.490661001e-03
4.61150e+03 6.461726134e-03
4.61240e+03 6.435755510e-03
4.61330e+03 6.416687640e-03
4.61420e+03 6.433422534e-03
4.61510e+03 6.455075780e-03
4.61600e+03 6.448187105e-03
4.61690e+03 6.459705649e-03
4.61780e+03 6.467137201e-03
4.61870e+03 6.407561423e-03
4.61960e+03 6.354930857e-03
4.62050e+03 6.385120990e-03
4.62140e+03 6.433645998e-03
4.62230e+03 6.446302636e-03
4.62320e+03 6.452255046e-03
4.62410e+03 6.455009476e-03
4.62500e+03 6.420140613e-03
4.62590e+03 6.378583504e-03
4.62680e+03 6.366371861e-03
4.62770e+03 6.338632957e-03
4.62860e+03 6.266613643e-03
4.62950e+03 6.216788616e-03
4.63040e+03 6.248551690e-03
4.63130e+03 6.304972125e-03
4.63220e+03 6.305587830e-03
4.63310e+03 6.264855455e-03
4.63400e+03 6.240613432e-03
4.63490e+03 6.252529169e-03
4.63580e+03 6.277263725e-03
4.63670e+03 6.277476559e-03
4.63760e+03 6.245197715e-03
4.63850e+03 6.200712596e-03
4.63940e+03 6.159989941e-03
4.64030e+03 6.153840720e-03
4.64120e+03 6.187910681e-03
4.64210e+03 6.213952644e-03
4.64300e+03 6.208707472e-03
4.64390e+03 6.209017081e-03
4.64480e+03 6.206554540e-03
4.64570e+03 6.151419933e-03
4.64660e+03 6.078214711e-03
4.64750e+03 6.046357416e-03
4.64840e+03 6.051665100e-03
4.64930e+03 6.074653032e-03
4.65020e+03 6.106691121e-03
4.65110e+03 6.144810695e-03
4.65200e+03 6.198165798e-03
4.65290e+03 6.247591412e-03
4.65380e+03 6.232903168e-03
4.65470e+03 6.171872871e-03
4.65560e+03 6.131263948e-03
4.65650e+03 6.133814482e-03
4.65740e+03 6.198934661e-03
4.65830e+03 6.310311808e-03
4.65920e+03 6.388343010e-03
4.66010e+03 6.389583386e-03
4.66100e+03 6.321049060e-03
4.66190e+03 6.220222460e-03
4.66280e+03 6.157106863e-03
4.66370e+03 6.168341009e-03
4.66460e+03 6.200296819e-03
4.66550e+03 6.159794141e-03
4.66640e+03 6.041043366e-03
4.66730e+03 5.939750299e-03
4.66820e+03 5.931995276e-03
4.66910e+03 5.988825914e-03
4.67000e+03 6.056071243e-03
4.67090e+03 6.113811235e-03
4.67180e+03 6.141471126e-03
4.67270e+03 6.129843027e-03
4.67360e+03 6.108141145e-03
4.67450e+03 6.103974422e-03
4.67540e+03 6.129803768e-03
4.67630e+03 6.162857300e-03
4.67720e+03 6.154403286e-03
4.67810e+03 6.113959742e-03
4.67900e+03 6.085732230e-03
4.67990e+03 6.071811227e-03
4.68080e+03 6.055039955e-03
4.68170e+03 6.049981170e-03
4.68260e+03 6.090901426e-03
4.68350e+03 6.143767659e-03
4.68440e+03 6.160734162e-03
4.68530e+03 6.159561873e-03
4.68620e+03 6.157022393e-03
4.68710e+03 6.159550125e-03
4.68800e+03 6.180700244e-03
4.68890e+03 6.200868597e-03
4.68980e+03 6.185548450e-03
4.69070e+03 6.141841016e-03
4.69160e+03 6.116408237e-03
4.69250e+03 6.129033489e-03
4.69340e+03 6.147771205e-03
4.69430e+03 6.167811730e-03
4.69520e+03 6.199684354e-03
4.69610e+03 6.218628891e-03
4.69700e+03 6.180490067e-03
4.69790e+03 6.084765928e-03
4.69880e+03 6.012945786e-03
4.69970e+03 6.019859804e-03
4.70060e+03 6.055537745e-03
4.70150e+03 6.058734479e-03
4.70240e+03 6.030306725e-03
4.70330e+03 6.015501125e-03
4.70420e+03 6.042278193e-03
4.70510e+03 6.069762599e-03
4.70600e+03 6.047709545e-03
4.70690e+03 5.991265472e-03
4.70780e+03 5.949307278e-03
4.70870e+03 5.936338683e-03
4.70960e+03 5.959105440e-03
4.71050e+03 6.021541761e-03
4.71140e+03 6.054172732e-03
4.71230e+03 5.991783417e-03
4.71320e+03 5.886879780e-03
4.71410e+03 5.834529348e-03
4.71500e+03 5.879805899e-03
4.71590e+03 5.973829570e-03
4.71680e+03 6.047619423e-03
4.71770e+03 6.080750607e-03
4.71860e+03 6.102879550e-03
4.71950e+03 6.127940629e-03
4.72040e+03 6.143197325e-03
4.72130e+03 6.124879578e-03
4.72220e+03 6.090658159e-03
4.72310e+03 6.087132424e-03
4.72400e+03 6.121665312e-03
4.72490e+03 6.149343050e-03
4.72580e+03 6.124717323e-03
4.72670e+03 6.027463913e-03
4.72760e+03 5.924280101e-03
4.72850e+03 5.886791870e-03
4.72940e+03 5.903943518e-03
4.73030e+03 5.922170690e-03
4.73120e+03 5.932169896e-03
4.73210e+03 5.959658338e-03
4.73300e+03 5.990367254e-03
4.73390e+03 6.019748117e-03
4.73480e+03 6.051880787e-03
4.73570e+03 6.035258099e-03
4.73660e+03 5.975622145e-03
4.73750e+03 5.972379006e-03
4.73840e+03 6.024680149e-03
4.73930e+03 6.043629831e-03
4.74020e+03 6.009448127e-03
4.74110e+03 5.972860199e-03
4.74200e+03 5.975387170e-03
4.74290e+03 6.008411890e-03
4.74380e+03 6.026990384e-03
4.74470e+03 6.013064172e-03
4.74560e+03 6.014527394e-03
4.74650e+03 6.045212187e-03
4.74740e+03 6.055032981e-03
4.74830e+03 6.039430694e-03
4.74920e+03 6.045695499e-03
4.75010e+03 6.068232852e-03
4.75100e+03 6.058247419e-03
4.75190e+03 6.016229134e-03
4.75280e+03 5.984386485e-03
4.75370e+03 5.965242105e-03
4.75460e+03 5.962966299e-03
4.75550e+03 5.963824140e-03
4.75640e+03 5.956461336e-03
4.75730e+03 5.947959859e-03
4.75820e+03 5.935214086e-03
4.75910e+03 5.932007262e-03
4.76000e+03 5.919151126e-03
4.76090e+03 5.851060530e-03
4.76180e+03 5.751694408e-03
4.76270e+03 5.691295325e-03
4.76360e+03 5.675717947e-03
4.76450e+03 5.664658538e-03
4.76540e+03 5.652498847e-03
4.76630e+03 5.665234586e-03
4.76720e+03 5.709670413e-03
4.76810e+03 5.761195101e-03
4.76900e+03 5.801336800e-03
4.76990e+03 5.816641990e-03
4.77080e+03 5.786650881e-03
4.77170e+03 5.747902974e-03
4.77260e+03 5.753063435e-03
4.77350e+03 5.802147186e-03
4.77440e+03 5.854141726e-03
4.77530e+03 5.869004517e-03
4.77620e+03 5.866510944e-03
4.77710e+03 5.875233539e-03
4.77800e+03 5.866032625e-03
4.77890e+03 5.821411516e-03
4.77980e+03 5.786614619e-03
4.78070e+03 5.791243677e-03
4.78160e+03 5.797106255e-03
4.78250e+03 5.765996944e-03
4.78340e+03 5.737706683e-03
4.78430e+03 5.757187203e-03
4.78520e+03 5.768541944e-03
4.78610e+03 5.737401909e-03
4.78700e+03 5.722100006e-03
4.78790e+03 5.734018948e-03
4.78880e+03 5.723792691e-03
4.78970e+03 5.717846071e-03
4.79060e+03 5.744196280e-03
4.79150e+03 5.772617168e-03
4.79240e+03 5.803024229e-03
4.79330e+03 5.856800377e-03
4.79420e+03 5.907581504e-03
4.79510e+03 5.913545666e-03
4.79600e+03 5.881164521e-03
4.79690e+03 5.833532518e-03
4.79780e+03 5.777526888e-03
4.79870e+03 5.726860857e-03
4.79960e+03 5.713955906e-03
4.80050e+03 5.751823255e-03
4.80140e+03 5.810112510e-03
4.80230e+03 5.838359739e-03
4.80320e+03 5.808302385e-03
4.80410e+03 5.727687041e-03
4.80500e+03 5.653247506e-03
4.80590e+03 5.633468589e-03
4.80680e+03 5.637456677e-03
4.80770e+03 5.631978384e-03
4.80860e+03 5.635304653e-03
4.80950e+03 5.651153459e-03
4.81040e+03 5.656318591e-03
4.81130e+03 5.651152813e-03
4.81220e+03 5.651997402e-03
4.81310e+03 5.658728914e-03
4.81400e+03 5.670365195e-03
4.81490e+03 5.676527094e-03
4.81580e+03 5.686656005e-03
4.81670e+03 5.713840227e-03
4.81760e+03 5.739874435e-03
4.81850e+03 5.750989331e-03
4.81940e+03 5.745496114e-03
4.82030e+03 5.728740002e-03
4.82120e+03 5.716841822e-03
4.82210e+03 5.676860600e-03
4.82300e+03 5.593195246e-03
4.82390e+03 5.554687299e-03
4.82480e+03 5.609392933e-03
4.82570e+03 5.681221423e-03
4.82660e+03 5.697512661e-03
4.82750e+03 5.668687070e-03
4.82840e+03 5.634569607e-03
4.82930e+03 5.626127231e-03
4.83020e+03 5.632424549e-03
4.83110e+03 5.603051952e-03
4.83200e+03 5.565436021e-03
4.83290e+03 5.584250676e-03
4.83380e+03 5.641028089e-03
4.83470e+03 5.665383219e-03
4.83560e+03 5.644382946e-03
4.83650e+03 5.630735529e-03
4.83740e+03 5.632843551e-03
4.83830e+03 5.604550485e-03
4.83920e+03 5.551419328e-03
4.84010e+03 5.525426794e-03
4.84100e+03 5.543266013e-03
4.84190e+03 5.549840831e-03
4.84280e+03 5.511930815e-03
4.84370e+03 5.490714431e-03
4.84460e+03 5.520448385e-03
4.84550e+03 5.549117888e-03
4.84640e+03 5.523281078e-03
4.84730e+03 5.434244187e-03
4.84820e+03 5.338153974e-03
4.84910e+03 5.312155490e-03
4.85000e+03 5.334566415e-03
4.85090e+03 5.333950630e-03
4.85180e+03 5.309069783e-03
4.85270e+03 5.280385978e-03
4.85360e+03 5.215142789e-03
4.85450e+03 5.093572879e-03
4.85540e+03 4.998472803e-03
4.85630e+03 5.025287817e-03
4.85720e+03 5.192770153e-03
4.85810e+03 5.563397314e-03
4.85900e+03 6.240783637e-03
4.85990e+03 7.112559931e-03
4.86080e+03 7.807006741e-03
4.86170e+03 7.972507709e-03
4.86260e+03 7.492474702e-03
4.86350e+03 6.587364414e-03
4.86440e+03 5.731531877e-03
4.86530e+03 5.245995545e-03
4.86620e+03 5.091521599e-03
4.86710e+03 5.084603569e-03
4.86800e+03 5.114752697e-03
4.86890e+03 5.156983228e-03
4.86980e+03 5.161187014e-03
4.87070e+03 5.112620882e-03
4.87160e+03 5.087627333e-03
4.87250e+03 5.142922105e-03
4.87340e+03 5.221247616e-03
4.87430e+03 5.251798323e-03
4.87520e+03 5.248713590e-03
4.87610e+03 5.268380074e-03
4.87700e+03 5.312460765e-03
4.87790e+03 5.358630825e-03
4.87880e+03 5.416615455e-03
4.87970e+03 5.441084898e-03
4.88060e+03 5.390847511e-03
4.88150e+03 5.339425318e-03
4.88240e+03 5.355360058e-03
4.88330e+03 5.385810886e-03
4.88420e+03 5.370890565e-03
4.88510e+03 5.332158392e-03
4.88600e+03 5.322884893e-03
4.88690e+03 5.359757397e-03
4.88780e+03 5.406701871e-03
4.88870e+03 5.421156449e-03
4.88960e+03 5.388273677e-03
4.89050e+03 5.327073811e-03
4.89140e+03 5.327940482e-03
4.89230e+03 5.420347502e-03
4.89320e+03 5.512114295e-03
4.89410e+03 5.573859411e-03
4.89500e+03 5.619264126e-03
4.89590e+03 5.637224884e-03
4.89680e+03 5.636156701e-03
4.89770e+03 5.632662291e-03
4.89860e+03 5.585587058e-03
4.89950e+03 5.496941969e-03
4.90040e+03 5.468846762e-03
4.90130e+03 5.514892426e-03
4.90220e+03 5.523847097e-03
4.90310e+03 5.490235740e-03
4.90400e+03 5.498157939e-03
4.90490e+03 5.571743216e-03
4.90580e+03 5.643172014e-03
4.90670e+03 5.643852739e-03
4.90760e+03 5.586200025e-03
4.90850e+03 5.515565824e-03
4.90940e+03 5.451312966e-03
4.91030e+03 5.419976397e-03
4.91120e+03 5.445069115e-03
4.91210e+03 5.500188363e-03
4.91300e+03 5.536591451e-03
4.91390e+03 5.561726218e-03
4.91480e+03 5.601757794e-03
4.91570e+03 5.623174745e-03
4.91660e+03 5.585669606e-03
4.91750e+03 5.487145015e-03
4.91840e+03 5.357937093e-03
4.91930e+03 5.230796971e-03
4.92020e+03 5.130616479e-03
4.92110e+03 5.090474876e-03
4.92200e+03 5.123979373e-03
4.92290e+03 5.171897625e-03
4.92380e+03 5.198117586e-03
4.92470e+03 5.252992318e-03
4.92560e+03 5.376736282e-03
4.92650e+03 5.504933209e-03
4.92740e+03 5.563332102e-03
4.92830e+03 5.595465258e-03
4.92920e+03 5.627040691e-03
4.93010e+03 5.630323300e-03
4.93100e+03 5.617840619e-03
4.93190e+03 5.566985082e-03
4.93280e+03 5.443688892e-03
4.93370e+03 5.350029285e-03
4.93460e+03 5.397519682e-03
4.93550e+03 5.498570200e-03
4.93640e+03 5.501619594e-03
4.93730e+03 5.400009091e-03
4.93820e+03 5.294478959e-03
4.93910e+03 5.286559941e-03
4.94000e+03 5.385019423e-03
4.94090e+03 5.486025259e-03
4.94180e+03 5.513866186e-03
4.94270e+03 5.521526507e-03
4.94360e+03 5.552806160e-03
4.94450e+03 5.566222680e-03
4.94540e+03 5.544538257e-03
4.94630e+03 5.539744457e-03
4.94720e+03 5.563602020e-03
4.94810e+03 5.579219155e-03
4.94900e+03 5.585997970e-03
4.94990e+03 5.610158132e-03
4.95080e+03 5.635763999e-03
4.95170e+03 5.615482782e-03
4.95260e+03 5.539207056e-03
4.95350e+03 5.442590277e-03
4.95440e+03 5.346520189e-03
4.95530e+03 5.255201234e-03
4.95620e+03 5.142663964e-03
4.95710e+03 5.032047033e-03
4.95800e+03 5.033870012e-03
4.95890e+03 5.142352959e-03
4.95980e+03 5.237216486e-03
4.96070e+03 5.254924139e-03
4.96160e+03 5.229327323e-03
4.96250e+03 5.215035373e-03
4.96340e+03 5.217560889e-03
4.96430e+03 5.191322052e-03
4.96520e+03 5.145016476e-03
4.96610e+03 5.120996751e-03
4.96700e+03 5.123209819e-03
4.96790e+03 5.138688230e-03
4.96880e+03 5.163522372e-03
4.96970e+03 5.186178594e-03
4.97060e+03 5.200440846e-03
4.97150e+03 5.217796680e-03
4.97240e+03 5.228928099e-03
4.97330e+03 5.243454982e-03
4.97420e+03 5.269537163e-03
4.97510e+03 5.283827112e-03
4.97600e+03 5.280061187e-03
4.97690e+03 5.256123432e-03
4.97780e+03 5.207351663e-03
4.97870e+03 5.164251003e-03
4.97960e+03 5.144079927e-03
4.98050e+03 5.106578418e-03
4.98140e+03 5.024804918e-03
4.98230e+03 4.951123000e-03
4.98320e+03 4.948876511e-03
4.98410e+03 5.007795531e-03
4.98500e+03 5.066274154e-03
4.98590e+03 5.118223905e-03
4.98680e+03 5.185149017e-03
4.98770e+03 5.228424167e-03
4.98860e+03 5.216846201e-03
4.98950e+03 5.177658754e-03
4.99040e+03 5.136584548e-03
4.99130e+03 5.135027674e-03
4.99220e+03 5.166092264e-03
4.99310e+03 5.156472394e-03
4.99400e+03 5.131166199e-03
4.99490e+03 5.156592780e-03
4.99580e+03 5.188910442e-03
4.99670e+03 5.188966468e-03
4.99760e+03 5.169592344e-03
4.99850e+03 5.109715039e-03
4.99940e+03 5.025729513e-03
5.00030e+03 4.972178943e-03
5.00120e+03 4.957310681e-03
5.00210e+03 4.961122408e-03
5.00300e+03 4.975703733e-03
5.00390e+03 4.977266311e-03
5.00480e+03 4.935847985e-03
5.00570e+03 4.883036418e-03
5.00660e+03 4.889504787e-03
5.00750e+03 4.973610609e-03
5.00840e+03 5.057004381e-03
5.00930e+03 5.075403396e-03
5.01020e+03 5.045205876e-03
5.01110e+03 4.983562765e-03
5.01200e+03 4.900996719e-03
5.01290e+03 4.835075953e-03
5.01380e+03 4.786047588e-03
5.01470e+03 4.772569321e-03
5.01560e+03 4.809982629e-03
5.01650e+03 4.847355316e-03
5.01740e+03 4.842759861e-03
5.01830e+03 4.843363775e-03
5.01920e+03 4.898028746e-03
5.02010e+03 4.965494905e-03
5.02100e+03 4.989003430e-03
5.02190e+03 4.968187314e-03
5.02280e+03 4.974111621e-03
5.02370e+03 5.018434012e-03
5.02460e+03 5.050542813e-03
5.02550e+03 5.055611448e-03
5.02640e+03 5.034531921e-03
5.02730e+03 4.999170331e-03
5.02820e+03 5.018486698e-03
5.02910e+03 5.076568771e-03
5.03000e+03 5.094720312e-03
5.03090e+03 5.090862482e-03
5.03180e+03 5.117611646e-03
5.03270e+03 5.160673661e-03
5.03360e+03 5.170555802e-03
5.03450e+03 5.103135959e-03
5.03540e+03 4.997742994e-03
5.03630e+03 4.964736674e-03
5.03720e+03 5.004314213e-03
5.03810e+03 5.002409817e-03
5.03900e+03 4.926977176e-03
5.03990e+03 4.819586466e-03
5.04080e+03 4.748862450e-03
5.04170e+03 4.809681236e-03
5.04260e+03 4.970400972e-03
5.04350e+03 5.092190305e-03
5.04440e+03 5.146848739e-03
5.04530e+03 5.173951147e-03
5.04620e+03 5.162875584e-03
5.04710e+03 5.090221423e-03
5.04800e+03 4.995377489e-03
5.04890e+03 4.946437806e-03
5.04980e+03 4.951524384e-03
5.05070e+03 4.960146112e-03
5.05160e+03 4.958774065e-03
5.05250e+03 4.991113648e-03
5.05340e+03 5.058439008e-03
5.05430e+03 5.112810048e-03
5.05520e+03 5.124644627e-03
5.05610e+03 5.118512900e-03
5.05700e+03 5.126889361e-03
5.05790e+03 5.147253553e-03
5.05880e+03 5.158363356e-03
5.05970e+03 5.165275872e-03
5.06060e+03 5.195034581e-03
5.06150e+03 5.225202963e-03
5.06240e+03 5.210002956e-03
5.06330e+03 5.121208148e-03
5.06420e+03 4.989799054e-03
5.06510e+03 4.938594777e-03
5.06600e+03 4.996881052e-03
5.06690e+03 5.042896825e-03
5.06780e+03 5.027944230e-03
5.06870e+03 5.022760425e-03
5.06960e+03 5.074881054e-03
5.07050e+03 5.109523930e-03
5.07140e+03 5.058710062e-03
5.07230e+03 5.010714078e-03
5.07320e+03 5.038982823e-03
5.07410e+03 5.070939843e-03
5.07500e+03 5.050908115e-03
5.07590e+03 5.032654061e-03
5.07680e+03 5.062673976e-03
5.07770e+03 5.065497076e-03
5.07860e+03 4.952428069e-03
5.07950e+03 4.822272551e-03
5.08040e+03 4.811561154e-03
5.08130e+03 4.886186764e-03
5.08220e+03 4.935216302e-03
5.08310e+03 4.932232972e-03
5.08400e+03 4.951670586e-03
5.08490e+03 5.010744527e-03
5.08580e+03 5.044755311e-03
5.08670e+03 5.031898815e-03
5.08760e+03 5.023239475e-03
5.08850e+03 5.050718614e-03
5.08940e+03 5.073496430e-03
5.09030e+03 5.068345557e-03
5.09120e+03 5.067679391e-03
5.09210e+03 5.097695610e-03
5.09300e+03 5.135813087e-03
5.09390e+03 5.137750845e-03
5.09480e+03 5.103200664e-03
5.09570e+03 5.055559093e-03
5.09660e+03 5.007122502e-03
5.09750e+03 4.949409484e-03
5.09840e+03 4.874948533e-03
5.09930e+03 4.850243836e-03
5.10020e+03 4.918979995e-03
5.10110e+03 5.011768651e-03
5.10200e+03 5.051731523e-03
5.10290e+03 5.036684523e-03
5.10380e+03 5.015080113e-03
5.10470e+03 5.006125820e-03
5.10560e+03 4.997914863e-03
5.10650e+03 4.961681763e-03
5.10740e+03 4.915756134e-03
5.10830e+03 4.908758801e-03
5.10920e+03 4.898715187e-03
5.11010e+03 4.875218699e-03
5.11100e+03 4.905002444e-03
5.11190e+03 4.962158947e-03
5.11280e+03 4.986622221e-03
5.11370e+03 5.001976824e-03
5.11460e+03 5.032567066e-03
5.11550e+03 5.062074867e-03
5.11640e+03 5.096839048e-03
5.11730e+03 5.132763037e-03
5.11820e+03 5.128019778e-03
5.11910e+03 5.088505762e-03
5.12000e+03 5.047359415e-03
5.12090e+03 5.005744595e-03
5.12180e+03 4.949654328e-03
5.12270e+03 4.866822939e-03
5.12360e+03 4.806390453e-03
5.12450e+03 4.827726561e-03
5.12540e+03 4.877432597e-03
5.12630e+03 4.878381687e-03
5.12720e+03 4.842178688e-03
5.12810e+03 4.827169845e-03
5.12900e+03 4.840914840e-03
5.12990e+03 4.874946270e-03
5.13080e+03 4.923612520e-03
5.13170e+03 4.950506873e-03
5.13260e+03 4.945275609e-03
5.13350e+03 4.952365673e-03
5.13440e+03 5.005880767e-03
5.13530e+03 5.050006334e-03
5.13620e+03 5.013565127e-03
5.13710e+03 4.940093153e-03
5.13800e+03 4.887505533e-03
5.13890e+03 4.858170518e-03
5.13980e+03 4.893853567e-03
5.14070e+03 4.948611944e-03
5.14160e+03 4.898988151e-03
5.14250e+03 4.806806900e-03
5.14340e+03 4.817288365e-03
5.14430e+03 4.873332494e-03
5.14520e+03 4.860105787e-03
5.14610e+03 4.810630422e-03
5.14700e+03 4.792150377e-03
5.14790e+03 4.819924106e-03
5.14880e+03 4.872452833e-03
5.14970e+03 4.884476940e-03
5.15060e+03 4.827109735e-03
5.15150e+03 4.765005129e-03
5.15240e+03 4.749824903e-03
5.15330e+03 4.762834831e-03
5.15420e+03 4.793440556e-03
5.15510e+03 4.857197499e-03
5.15600e+03 4.933456678e-03
5.15690e+03 4.997400795e-03
5.15780e+03 5.027677952e-03
5.15870e+03 5.009814884e-03
5.15960e+03 4.990771707e-03
5.16050e+03 4.996905067e-03
5.16140e+03 4.983384439e-03
5.16230e+03 4.954526841e-03
5.16320e+03 4.953499522e-03
5.16410e+03 4.927464204e-03
5.16500e+03 4.795498674e-03
5.16590e+03 4.585115802e-03
5.16680e+03 4.389536520e-03
5.16770e+03 4.281176144e-03
5.16860e+03 4.287271744e-03
5.16950e+03 4.385850985e-03
5.17040e+03 4.468170288e-03
5.17130e+03 4.431860411e-03
5.17220e+03 4.341023817e-03
5.17310e+03 4.355255985e-03
5.17400e+03 4.483627216e-03
5.17490e+03 4.600542582e-03
5.17580e+03 4.640454240e-03
5.17670e+03 4.643038402e-03
5.17760e+03 4.653918836e-03
5.17850e+03 4.661434530e-03
5.17940e+03 4.655137394e-03
5.18030e+03 4.649646816e-03
5.18120e+03 4.626033468e-03
5.18210e+03 4.536738834e-03
5.18300e+03 4.400233157e-03
5.18390e+03 4.359443235e-03
5.18480e+03 4.472851150e-03
5.18570e+03 4.605828975e-03
5.18660e+03 4.661089018e-03
5.18750e+03 4.648339211e-03
5.18840e+03 4.626665613e-03
5.18930e+03 4.653086116e-03
5.19020e+03 4.660518445e-03
5.19110e+03 4.564815666e-03
5.19200e+03 4.457885671e-03
5.19290e+03 4.463673186e-03
5.19380e+03 4.527105228e-03
5.19470e+03 4.551466057e-03
5.19560e+03 4.561184408e-03
5.19650e+03 4.594980802e-03
5.19740e+03 4.622969996e-03
5.19830e+03 4.644394999e-03
5.19920e+03 4.668719511e-03
5.20010e+03 4.677335833e-03
5.20100e+03 4.661771737e-03
5.20190e+03 4.640184435e-03
5.20280e+03 4.619429371e-03
5.20370e+03 4.560838581e-03
5.20460e+03 4.459122919e-03
5.20550e+03 4.399100156e-03
5.20640e+03 4.422228921e-03
5.20730e+03 4.452110492e-03
5.20820e+03 4.440008791e-03
5.20910e+03 4.449042951e-03
5.21000e+03 4.494637594e-03
5.21090e+03 4.553208816e-03
5.21180e+03 4.622931098e-03
5.21270e+03 4.680365772e-03
5.21360e+03 4.694861894e-03
5.21450e+03 4.651803621e-03
5.21540e+03 4.581285918e-03
5.21630e+03 4.553858733e-03
5.21720e+03 4.588310386e-03
5.21810e+03 4.639872125e-03
5.21900e+03 4.663598912e-03
5.21990e+03 4.669769150e-03
5.22080e+03 4.692593522e-03
5.22170e+03 4.710681091e-03
5.22260e+03 4.687011157e-03
5.22350e+03 4.614577354e-03
5.22440e+03 4.516714340e-03
5.22530e+03 4.415001693e-03
5.22620e+03 4.331739049e-03
5.22710e+03 4.348631570e-03
5.22800e+03 4.495563861e-03
5.22890e+03 4.645562865e-03
5.22980e+03 4.711156347e-03
5.23070e+03 4.736574992e-03
5.23160e+03 4.720310430e-03
5.23250e+03 4.638329941e-03
5.23340e+03 4.556023151e-03
5.23430e+03 4.540203773e-03
5.23520e+03 4.588881260e-03
5.23610e+03 4.662470265e-03
5.23700e+03 4.708491537e-03
5.23790e+03 4.708809915e-03
5.23880e+03 4.679940569e-03
5.23970e+03 4.639843216e-03
5.24060e+03 4.625638766e-03
5.24150e+03 4.634560250e-03
5.24240e+03 4.636387290e-03
5.24330e+03 4.651112075e-03
5.24420e+03 4.689932944e-03
5.24510e+03 4.678426691e-03
5.24600e+03 4.565135269e-03
5.24690e+03 4.451166975e-03
5.24780e+03 4.455660640e-03
5.24870e+03 4.508149919e-03
5.24960e+03 4.486913587e-03
5.25050e+03 4.440756871e-03
5.25140e+03 4.467971622e-03
5.25230e+03 4.544603080e-03
5.25320e+03 4.582438255e-03
5.25410e+03 4.544427365e-03
5.25500e+03 4.505186137e-03
5.25590e+03 4.557235025e-03
5.25680e+03 4.661378762e-03
5.25770e+03 4.731406261e-03
5.25860e+03 4.739073705e-03
5.25950e+03 4.693863588e-03
5.26040e+03 4.628752183e-03
5.26130e+03 4.558112435e-03
5.26220e+03 4.475915933e-03
5.26310e+03 4.391707848e-03
5.26400e+03 4.319957714e-03
5.26490e+03 4.274239383e-03
5.26580e+03 4.288180956e-03
5.26670e+03 4.385675350e-03
5.26760e+03 4.458874869e-03
5.26850e+03 4.375746647e-03
5.26940e+03 4.228915552e-03
5.27030e+03 4.234420426e-03
5.27120e+03 4.397660456e-03
5.27210e+03 4.530182582e-03
5.27300e+03 4.555357087e-03
5.27390e+03 4.520354654e-03
5.27480e+03 4.462246445e-03
5.27570e+03 4.446818403e-03
5.27660e+03 4.532736511e-03
5.27750e+03 4.647253030e-03
5.27840e+03 4.688240265e-03
5.27930e+03 4.655766052e-03
5.28020e+03 4.605428110e-03
5.28110e+03 4.567713134e-03
5.28200e+03 4.533281394e-03
5.28290e+03 4.497414017e-03
5.28380e+03 4.495810944e-03
5.28470e+03 4.575737858e-03
5.28560e+03 4.696836785e-03
5.28650e+03 4.761441283e-03
5.28740e+03 4.743887006e-03
5.28830e+03 4.699297663e-03
5.28920e+03 4.686184761e-03
5.29010e+03 4.705986283e-03
5.29100e+03 4.722784383e-03
5.29190e+03 4.709229615e-03
5.29280e+03 4.685417042e-03
5.29370e+03 4.683083487e-03
5.29460e+03 4.677670733e-03
5.29550e+03 4.615928691e-03
5.29640e+03 4.496106276e-03
5.29730e+03 4.396069884e-03
5.29820e+03 4.405735179e-03
5.29910e+03 4.501168354e-03
5.30000e+03 4.561594895e-03
5.30090e+03 4.548365761e-03
5.30180e+03 4.539686055e-03
5.30270e+03 4.587681998e-03
5.30360e+03 4.669673350e-03
5.30450e+03 4.730666940e-03
5.30540e+03 4.726798931e-03
5.30630e+03 4.658324640e-03
5.30720e+03 4.593477716e-03
5.30810e+03 4.595176887e-03
5.30900e+03 4.642842436e-03
5.30990e+03 4.667628286e-03
5.31080e+03 4.647888882e-03
5.31170e+03 4.615673586e-03
5.31260e+03 4.588259583e-03
5.31350e+03 4.578497704e-03
5.31440e+03 4.587727044e-03
5.31530e+03 4.571935885e-03
5.31620e+03 4.522435944e-03
5.31710e+03 4.505474335e-03
5.31800e+03 4.535262240e-03
5.31890e+03 4.560133005e-03
5.31980e+03 4.571430464e-03
5.32070e+03 4.579807595e-03
5.32160e+03 4.580822208e-03
5.32250e+03 4.562420305e-03
5.32340e+03 4.520724644e-03
5.32430e+03 4.497254925e-03
5.32520e+03 4.521359662e-03
5.32610e+03 4.510492047e-03
5.32700e+03 4.376573842e-03
5.32790e+03 4.203912991e-03
5.32880e+03 4.191595454e-03
5.32970e+03 4.342708600e-03
5.33060e+03 4.486275664e-03
5.33150e+03 4.534000095e-03
5.33240e+03 4.522252518e-03
5.33330e+03 4.529892443e-03
5.33420e+03 4.572588598e-03
5.33510e+03 4.593029790e-03
5.33600e+03 4.565010597e-03
5.33690e+03 4.528958017e-03
5.33780e+03 4.522755900e-03
5.33870e+03 4.503693936e-03
5.33960e+03 4.429741083e-03
5.34050e+03 4.370462931e-03
5.34140e+03 4.414408364e-03
5.34230e+03 4.506340572e-03
5.34320e+03 4.552766645e-03
5.34410e+03 4.546688415e-03
5.34500e+03 4.507484620e-03
5.34590e+03 4.486746590e-03
5.34680e+03 4.508591950e-03
5.34770e+03 4.497897715e-03
5.34860e+03 4.442960107e-03
5.34950e+03 4.430611472e-03
5.35040e+03 4.500993063e-03
5.35130e+03 4.596718599e-03
5.35220e+03 4.643453084e-03
5.35310e+03 4.653049295e-03
5.35400e+03 4.683335723e-03
5.35490e+03 4.713534734e-03
5.35580e+03 4.701621631e-03
5.35670e+03 4.676524608e-03
5.35760e+03 4.666916078e-03
5.35850e+03 4.656007644e-03
5.35940e+03 4.634709550e-03
5.36030e+03 4.595725798e-03
5.36120e+03 4.534029110e-03
5.36210e+03 4.489994305e-03
5.36300e+03 4.485423866e-03
5.36390e+03 4.485268593e-03
5.36480e+03 4.466779893e-03
5.36570e+03 4.461779869e-03
5.36660e+03 4.472125223e-03
5.36750e+03 4.480116488e-03
5.36840e+03 4.466995925e-03
5.36930e+03 4.400347739e-03
5.37020e+03 4.302074391e-03
5.37110e+03 4.259457036e-03
5.37200e+03 4.336041968e-03
5.37290e+03 4.477640457e-03
5.37380e+03 4.573771204e-03
5.37470e+03 4.597528280e-03
5.37560e+03 4.569108642e-03
5.37650e+03 4.531126001e-03
5.37740e+03 4.540789996e-03
5.37830e+03 4.579946122e-03
5.37920e+03 4.579598650e-03
5.38010e+03 4.529536168e-03
5.38100e+03 4.489439327e-03
5.38190e+03 4.478977516e-03
5.38280e+03 4.470632882e-03
5.38370e+03 4.473551727e-03
5.38460e+03 4.498943644e-03
5.38550e+03 4.518831891e-03
5.38640e+03 4.521114040e-03
5.38730e+03 4.512417758e-03
5.38820e+03 4.483593197e-03
5.38910e+03 4.427045604e-03
5.39000e+03 4.377479291e-03
5.39090e+03 4.367246691e-03
5.39180e+03 4.389968212e-03
5.39270e+03 4.409171294e-03
5.39360e+03 4.406092212e-03
5.39450e+03 4.395864362e-03
5.39540e+03 4.351733345e-03
5.39630e+03 4.257910362e-03
5.39720e+03 4.229000415e-03
5.39810e+03 4.332328535e-03
5.39900e+03 4.439688521e-03
5.39990e+03 4.453172010e-03
5.40080e+03 4.433513467e-03
5.40170e+03 4.444727332e-03
5.40260e+03 4.440613434e-03
5.40350e+03 4.364951908e-03
5.40440e+03 4.249593427e-03
5.40530e+03 4.178151982e-03
5.40620e+03 4.207419217e-03
5.40710e+03 4.286521657e-03
5.40800e+03 4.310114399e-03
5.40890e+03 4.252311343e-03
5.40980e+03 4.209305972e-03
5.41070e+03 4.262764494e-03
5.41160e+03 4.360896179e-03
5.41250e+03 4.413630196e-03
5.41340e+03 4.411573925e-03
5.41430e+03 4.402151677e-03
5.41520e+03 4.426814218e-03
5.41610e+03 4.479847722e-03
5.41700e+03 4.508428512e-03
5.41790e+03 4.487438668e-03
5.41880e+03 4.445383514e-03
5.41970e+03 4.412653577e-03
5.42060e+03 4.411608405e-03
5.42150e+03 4.446251226e-03
5.42240e+03 4.460432593e-03
5.42330e+03 4.407025113e-03
5.42420e+03 4.349263678e-03
5.42510e+03 4.368634241e-03
5.42600e+03 4.446629225e-03
5.42690e+03 4.507711437e-03
5.42780e+03 4.464921107e-03
5.42870e+03 4.320004828e-03
5.42960e+03 4.230346995e-03
5.43050e+03 4.289102099e-03
5.43140e+03 4.352338361e-03
5.43230e+03 4.313153766e-03
5.43320e+03 4.245628360e-03
5.43410e+03 4.213254023e-03
5.43500e+03 4.228770130e-03
5.43590e+03 4.272650498e-03
5.43680e+03 4.325182769e-03
5.43770e+03 4.390366378e-03
5.43860e+03 4.457898432e-03
5.43950e+03 4.509111500e-03
5.44040e+03 4.531376042e-03
5.44130e+03 4.534488500e-03
5.44220e+03 4.541852936e-03
5.44310e+03 4.550895779e-03
5.44400e+03 4.514826917e-03
5.44490e+03 4.405148884e-03
5.44580e+03 4.243409504e-03
5.44670e+03 4.123561012e-03
5.44760e+03 4.117708424e-03
5.44850e+03 4.160568538e-03
5.44940e+03 4.178401494e-03
5.45030e+03 4.173508294e-03
5.45120e+03 4.161659459e-03
5.45210e+03 4.149300636e-03
5.45300e+03 4.123260129e-03
5.45390e+03 4.064870085e-03
5.45480e+03 3.991841453e-03
5.45570e+03 3.979471032e-03
5.45660e+03 4.059018679e-03
5.45750e+03 4.150281608e-03
5.45840e+03 4.189020570e-03
5.45930e+03 4.175780233e-03
5.46020e+03 4.148676911e-03
5.46110e+03 4.135433753e-03
5.46200e+03 4.115216347e-03
5.46290e+03 4.090885323e-03
5.46380e+03 4.109175092e-03
5.46470e+03 4.150915728e-03
5.46560e+03 4.162846543e-03
5.46650e+03 4.162708551e-03
5.46740e+03 4.181416680e-03
5.46830e+03 4.193352645e-03
5.46920e+03 4.174746033e-03
5.47010e+03 4.151650432e-03
5.47100e+03 4.151440986e-03
5.47190e+03 4.146073269e-03
5.47280e+03 4.108649737e-03
5.47370e+03 4.086842734e-03
5.47460e+03 4.092775758e-03
5.47550e+03 4.057031926e-03
5.47640e+03 3.993593246e-03
5.47730e+03 4.011842850e-03
5.47820e+03 4.110432695e-03
5.47910e+03 4.178021541e-03
5.48000e+03 4.150673551e-03
5.48090e+03 4.085267983e-03
5.48180e+03 4.072641906e-03
5.48270e+03 4.119244230e-03
5.48360e+03 4.179652898e-03
5.48450e+03 4.224284423e-03
5.48540e+03 4.228398101e-03
5.48630e+03 4.183480716e-03
5.48720e+03 4.133424897e-03
5.48810e+03 4.132159802e-03
5.48900e+03 4.146814868e-03
5.48990e+03 4.138270861e-03
5.49080e+03 4.147174597e-03
5.49170e+03 4.176934122e-03
5.49260e+03 4.176474414e-03
5.49350e+03 4.158342021e-03
5.49440e+03 4.167166451e-03
5.49530e+03 4.172624858e-03
5.49620e+03 4.121304254e-03
5.49710e+03 4.059675279e-03
5.49800e+03 4.073293252e-03
5.49890e+03 4.132324535e-03
5.49980e+03 4.134701225e-03
5.50070e+03 4.072390635e-03
5.50160e+03 4.029660569e-03
5.50250e+03 4.045671993e-03
5.50340e+03 4.082669955e-03
5.50430e+03 4.097932687e-03
5.50520e+03 4.066459704e-03
5.50610e+03 4.019325246e-03
5.50700e+03 4.026499467e-03
5.50790e+03 4.078054248e-03
5.50880e+03 4.103696297e-03
5.50970e+03 4.091848972e-03
5.51060e+03 4.068019283e-03
5.51150e+03 4.035250293e-03
5.51240e+03 4.010956171e-03
5.51330e+03 4.011445381e-03
5.51420e+03 4.025374582e-03
5.51510e+03 4.050759949e-03
5.51600e+03 4.087336920e-03
5.51690e+03 4.131672403e-03
5.51780e+03 4.185696370e-03
5.51870e+03 4.220386183e-03
5.51960e+03 4.213854488e-03
5.52050e+03 4.190911086e-03
5.52140e+03 4.181720281e-03
5.52230e+03 4.184390103e-03
5.52320e+03 4.184764152e-03
5.52410e+03 4.171392338e-03
5.52500e+03 4.139958148e-03
5.52590e+03 4.095358573e-03
5.52680e+03 4.045934008e-03
5.52770e+03 4.017327459e-03
5.52860e+03 4.044990599e-03
5.52950e+03 4.114122147e-03
5.53040e+03 4.161473335e-03
5.53130e+03 4.162612431e-03
5.53220e+03 4.138804189e-03
5.53310e+03 4.110692854e-03
5.53400e+03 4.077624334e-03
5.53490e+03 4.061371229e-03
5.53580e+03 4.094029814e-03
5.53670e+03 4.135676915e-03
5.53760e+03 4.147298361e-03
5.53850e+03 4.153215653e-03
5.53940e+03 4.179958675e-03
5.54030e+03 4.210942910e-03
5.54120e+03 4.214114039e-03
5.54210e+03 4.181428503e-03
5.54300e+03 4.143950918e-03
5.54390e+03 4.129120588e-03
5.54480e+03 4.122106749e-03
5.54570e+03 4.110946427e-03
5.54660e+03 4.124672519e-03
5.54750e+03 4.169176438e-03
5.54840e+03 4.205649035e-03
5.54930e+03 4.210448790e-03
5.55020e+03 4.197916102e-03
5.55110e+03 4.178014818e-03
5.55200e+03 4.150069052e-03
5.55290e+03 4.121689918e-03
5.55380e+03 4.106331097e-03
5.55470e+03 4.107556144e-03
5.55560e+03 4.112456946e-03
5.55650e+03 4.104224350e-03
5.55740e+03 4.093852299e-03
5.55830e+03 4.099926349e-03
5.55920e+03 4.107607746e-03
5.56010e+03 4.105034659e-03
5.56100e+03 4.096732812e-03
5.56190e+03 4.079744821e-03
5.56280e+03 4.066526818e-03
5.56370e+03 4.072000095e-03
5.56460e+03 4.070141643e-03
5.56550e+03 4.048668560e-03
5.56640e+03 4.042174361e-03
5.56730e+03 4.053490150e-03
5.56820e+03 4.058457859e-03
5.56910e+03 4.049991467e-03
5.57000e+03 4.066033704e-03
5.57090e+03 4.093336961e-03
5.57180e+03 4.070010987e-03
5.57270e+03 4.028783679e-03
5.57360e+03 4.044355457e-03
5.57450e+03 4.080946468e-03
5.57540e+03 4.079786250e-03
5.57630e+03 4.075211705e-03
5.57720e+03 4.087860141e-03
5.57810e+03 4.088075922e-03
5.57900e+03 4.090867641e-03
5.57990e+03 4.105352799e-03
5.58080e+03 4.094245591e-03
5.58170e+03 4.067268162e-03
5.58260e+03 4.065780560e-03
5.58350e+03 4.071170734e-03
5.58440e+03 4.061272431e-03
5.58530e+03 4.029401286e-03
5.58620e+03 3.970514472e-03
5.58710e+03 3.917082802e-03
5.58800e+03 3.895661111e-03
5.58890e+03 3.905883811e-03
5.58980e+03 3.943219893e-03
5.59070e+03 3.977961728e-03
5.59160e+03 3.981051010e-03
5.59250e+03 3.970657818e-03
5.59340e+03 3.966708565e-03
5.59430e+03 3.980100792e-03
5.59520e+03 4.032390117e-03
5.59610e+03 4.069642587e-03
5.59700e+03 4.012331806e-03
5.59790e+03 3.906363172e-03
5.59880e+03 3.861367298e-03
5.59970e+03 3.875256937e-03
5.60060e+03 3.887608571e-03
5.60150e+03 3.884682193e-03
5.60240e+03 3.881229989e-03
5.60330e+03 3.897536673e-03
5.60420e+03 3.932243909e-03
5.60510e+03 3.964633287e-03
5.60600e+03 3.986593283e-03
5.60690e+03 4.001205243e-03
5.60780e+03 4.008820176e-03
5.60870e+03 4.003586828e-03
5.60960e+03 3.991519315e-03
5.61050e+03 3.992324625e-03
5.61140e+03 4.011315601e-03
5.61230e+03 4.030751845e-03
5.61320e+03 4.008584393e-03
5.61410e+03 3.922064210e-03
5.61500e+03 3.827884381e-03
5.61590e+03 3.817765887e-03
5.61680e+03 3.874985598e-03
5.61770e+03 3.907427293e-03
5.61860e+03 3.896052747e-03
5.61950e+03 3.882192093e-03
5.62040e+03 3.892883683e-03
5.62130e+03 3.921888315e-03
5.62220e+03 3.932838845e-03
5.62310e+03 3.888931449e-03
5.62400e+03 3.819571087e-03
5.62490e+03 3.800005610e-03
5.62580e+03 3.840766156e-03
5.62670e+03 3.881028096e-03
5.62760e+03 3.889478550e-03
5.62850e+03 3.883990396e-03
5.62940e+03 3.880362349e-03
5.63030e+03 3.885689951e-03
5.63120e+03 3.896888548e-03
5.63210e+03 3.907819735e-03
5.63300e+03 3.911978775e-03
5.63390e+03 3.902364807e-03
5.63480e+03 3.881214952e-03
5.63570e+03 3.852887964e-03
5.63660e+03 3.827305948e-03
5.63750e+03 3.813288921e-03
5.63840e+03 3.813725494e-03
5.63930e+03 3.812603639e-03
5.64020e+03 3.793316254e-03
5.64110e+03 3.782120502e-03
5.64200e+03 3.806049329e-03
5.64290e+03 3.837372345e-03
5.64380e+03 3.852444743e-03
5.64470e+03 3.860561545e-03
5.64560e+03 3.867431056e-03
5.64650e+03 3.873488423e-03
5.64740e+03 3.880574780e-03
5.64830e+03 3.885556326e-03
5.64920e+03 3.890542486e-03
5.65010e+03 3.901351668e-03
5.65100e+03 3.924861939e-03
5.65190e+03 3.951018740e-03
5.65280e+03 3.958650848e-03
5.65370e+03 3.934709163e-03
5.65460e+03 3.907213788e-03
5.65550e+03 3.910609983e-03
5.65640e+03 3.899803656e-03
5.65730e+03 3.817385374e-03
5.65820e+03 3.740951704e-03
5.65910e+03 3.774581748e-03
5.66000e+03 3.856509268e-03
5.66090e+03 3.867228556e-03
5.66180e+03 3.815563025e-03
5.66270e+03 3.790060378e-03
5.66360e+03 3.816298764e-03
5.66450e+03 3.852550003e-03
5.66540e+03 3.863917110e-03
5.66630e+03 3.835915488e-03
5.66720e+03 3.789398066e-03
5.66810e+03 3.763952115e-03
5.66900e+03 3.772649830e-03
5.66990e+03 3.794308111e-03
5.67080e+03 3.817528385e-03
5.67170e+03 3.854428432e-03
5.67260e+03 3.899915124e-03
5.67350e+03 3.921624883e-03
5.67440e+03 3.907247183e-03
5.67530e+03 3.889285046e-03
5.67620e+03 3.895875930e-03
5.67710e+03 3.905438539e-03
5.67800e+03 3.893798238e-03
5.67890e+03 3.869114221e-03
5.67980e+03 3.853289068e-03
5.68070e+03 3.849350727e-03
5.68160e+03 3.841698137e-03
5.68250e+03 3.839974900e-03
5.68340e+03 3.861486005e-03
5.68430e+03 3.893066766e-03
5.68520e+03 3.896911846e-03
5.68610e+03 3.858226093e-03
5.68700e+03 3.811978983e-03
5.68790e+03 3.802337748e-03
5.68880e+03 3.838900690e-03
5.68970e+03 3.885450737e-03
5.69060e+03 3.913539408e-03
5.69150e+03 3.936994931e-03
5.69240e+03 3.953513839e-03
5.69330e+03 3.943605256e-03
5.69420e+03 3.917382680e-03
5.69510e+03 3.898183100e-03
5.69600e+03 3.889125156e-03
5.69690e+03 3.871267837e-03
5.69780e+03 3.843400268e-03
5.69870e+03 3.837107982e-03
5.69960e+03 3.848241748e-03
5.70050e+03 3.835040189e-03
5.70140e+03 3.808512176e-03
5.70230e+03 3.808194731e-03
5.70320e+03 3.838909315e-03
5.70410e+03 3.871806095e-03
5.70500e+03 3.866802356e-03
5.70590e+03 3.826259457e-03
5.70680e+03 3.791426940e-03
5.70770e+03 3.763868893e-03
5.70860e+03 3.741274252e-03
5.70950e+03 3.752746870e-03
5.71040e+03 3.773884217e-03
5.71130e+03 3.763498625e-03
5.71220e+03 3.771227852e-03
5.71310e+03 3.825777742e-03
5.71400e+03 3.874356016e-03
5.71490e+03 3.892302633e-03
5.71580e+03 3.897284619e-03
5.71670e+03 3.882874268e-03
5.71760e+03 3.854023664e-03
5.71850e+03 3.846764914e-03
5.71940e+03 3.864305162e-03
5.72030e+03 3.887746695e-03
5.72120e+03 3.910623184e-03
5.72210e+03 3.923668049e-03
5.72300e+03 3.917267463e-03
5.72390e+03 3.898941806e-03
5.72480e+03 3.883014540e-03
5.72570e+03 3.855023772e-03
5.72660e+03 3.811840881e-03
5.72750e+03 3.799248900e-03
5.72840e+03 3.836323480e-03
5.72930e+03 3.872342688e-03
5.73020e+03 3.862949462e-03
5.73110e+03 3.833682270e-03
5.73200e+03 3.839701334e-03
5.73290e+03 3.876952688e-03
5.73380e+03 3.901602017e-03
5.73470e+03 3.899945687e-03
5.73560e+03 3.881974913e-03
5.73650e+03 3.862861686e-03
5.73740e+03 3.855314412e-03
5.73830e+03 3.851114983e-03
5.73920e+03 3.838366539e-03
5.74010e+03 3.830111091e-03
5.74100e+03 3.829860180e-03
5.74190e+03 3.833072067e-03
5.74280e+03 3.841061328e-03
5.74370e+03 3.865756626e-03
5.74460e+03 3.906607965e-03
5.74550e+03 3.935169075e-03
5.74640e+03 3.919545644e-03
5.74730e+03 3.861282923e-03
5.74820e+03 3.822961005e-03
5.74910e+03 3.849531987e-03
5.75000e+03 3.902658996e-03
5.75090e+03 3.918548514e-03
5.75180e+03 3.881328025e-03
5.75270e+03 3.822856704e-03
5.75360e+03 3.789647845e-03
5.75450e+03 3.810626783e-03
5.75540e+03 3.869966369e-03
5.75630e+03 3.920533353e-03
5.75720e+03 3.939882148e-03
5.75810e+03 3.921861131e-03
5.75900e+03 3.866299775e-03
5.75990e+03 3.801209244e-03
5.76080e+03 3.745317461e-03
5.76170e+03 3.703009397e-03
5.76260e+03 3.695685388e-03
5.76350e+03 3.740874793e-03
5.76440e+03 3.801196005e-03
5.76530e+03 3.829783482e-03
5.76620e+03 3.833993979e-03
5.76710e+03 3.834333041e-03
5.76800e+03 3.829750326e-03
5.76890e+03 3.820805878e-03
5.76980e+03 3.818200629e-03
5.77070e+03 3.816388153e-03
5.77160e+03 3.807799357e-03
5.77250e+03 3.801352047e-03
5.77340e+03 3.797606676e-03
5.77430e+03 3.791888908e-03
5.77520e+03 3.794856535e-03
5.77610e+03 3.806602204e-03
5.77700e+03 3.816895718e-03
5.77790e+03 3.818926645e-03
5.77880e+03 3.799801255e-03
5.77970e+03 3.744699914e-03
5.78060e+03 3.677369604e-03
5.78150e+03 3.649028539e-03
5.78240e+03 3.671741105e-03
5.78330e+03 3.701039642e-03
5.78420e+03 3.692025951e-03
5.78510e+03 3.672548818e-03
5.78600e+03 3.698927261e-03
5.78690e+03 3.751896066e-03
5.78780e+03 3.787890287e-03
5.78870e+03 3.804053446e-03
5.78960e+03 3.793174062e-03
5.79050e+03 3.763247868e-03
5.79140e+03 3.764068574e-03
5.79230e+03 3.805077667e-03
5.79320e+03 3.850212424e-03
5.79410e+03 3.884310420e-03
5.79500e+03 3.900737343e-03
5.79590e+03 3.875423383e-03
5.79680e+03 3.812218374e-03
5.79770e+03 3.772853802e-03
5.79860e+03 3.811581991e-03
5.79950e+03 3.889103085e-03
5.80040e+03 3.935676267e-03
5.80130e+03 3.952360347e-03
5.80220e+03 3.952925680e-03
5.80310e+03 3.920332430e-03
5.80400e+03 3.871986113e-03
5.80490e+03 3.852829532e-03
5.80580e+03 3.863749920e-03
5.80670e+03 3.879751744e-03
5.80760e+03 3.885864598e-03
5.80850e+03 3.878769487e-03
5.80940e+03 3.861527310e-03
5.81030e+03 3.841796002e-03
5.81120e+03 3.821436413e-03
5.81210e+03 3.805081402e-03
5.81300e+03 3.793123330e-03
5.81390e+03 3.771136855e-03
5.81480e+03 3.735778055e-03
5.81570e+03 3.710104117e-03
5.81660e+03 3.718453492e-03
5.81750e+03 3.753525421e-03
5.81840e+03 3.782295146e-03
5.81930e+03 3.790362739e-03
5.82020e+03 3.792108578e-03
5.82110e+03 3.792334641e-03
5.82200e+03 3.784290860e-03
5.82290e+03 3.772108921e-03
5.82380e+03 3.774443664e-03
5.82470e+03 3.791191864e-03
5.82560e+03 3.800012922e-03
5.82650e+03 3.797832330e-03
5.82740e+03 3.800012829e-03
5.82830e+03 3.811406143e-03
5.82920e+03 3.824792922e-03
5.83010e+03 3.828109215e-03
5.83100e+03 3.825215798e-03
5.83190e+03 3.827638762e-03
5.83280e+03 3.824816573e-03
5.83370e+03 3.801993542e-03
5.83460e+03 3.779466841e-03
5.83550e+03 3.791173277e-03
5.83640e+03 3.815360987e-03
5.83730e+03 3.804310131e-03
5.83820e+03 3.767471018e-03
5.83910e+03 3.750088062e-03
5.84000e+03 3.770822032e-03
5.84090e+03 3.806093742e-03
5.84180e+03 3.827568264e-03
5.84270e+03 3.830998904e-03
5.84360e+03 3.822737485e-03
5.84450e+03 3.804973455e-03
5.84540e+03 3.776931807e-03
5.84630e+03 3.734717081e-03
5.84720e+03 3.688138712e-03
5.84810e+03 3.655801066e-03
5.84900e+03 3.643174038e-03
5.84990e+03 3.636713314e-03
5.85080e+03 3.619474921e-03
5.85170e+03 3.586482216e-03
5.85260e+03 3.548218173e-03
5.85350e+03 3.537387350e-03
5.85440e+03 3.568673630e-03
5.85530e+03 3.596947154e-03
5.85620e+03 3.579539771e-03
5.85710e+03 3.542101512e-03
5.85800e+03 3.538569393e-03
5.85890e+03 3.573151636e-03
5.85980e+03 3.606705673e-03
5.86070e+03 3.613689349e-03
5.86160e+03 3.588510692e-03
5.86250e+03 3.558546896e-03
5.86340e+03 3.558789706e-03
5.86430e+03 3.579824757e-03
5.86520e+03 3.581770313e-03
5.86610e+03 3.557815422e-03
5.86700e+03 3.547999113e-03
5.86790e+03 3.571429451e-03
5.86880e+03 3.603054628e-03
5.86970e+03 3.616936071e-03
5.87060e+03 3.608150516e-03
5.87150e+03 3.582113843e-03
5.87240e+03 3.548387045e-03
5.87330e+03 3.522911608e-03
5.87420e+03 3.500359667e-03
5.87510e+03 3.462625667e-03
5.87600e+03 3.436017208e-03
5.87690e+03 3.459250118e-03
5.87780e+03 3.505706360e-03
5.87870e+03 3.521956031e-03
5.87960e+03 3.505891186e-03
5.88050e+03 3.503650909e-03
5.88140e+03 3.527926814e-03
5.88230e+03 3.544724838e-03
5.88320e+03 3.539431075e-03
5.88410e+03 3.536978638e-03
5.88500e+03 3.552834353e-03
5.88590e+03 3.568935308e-03
5.88680e+03 3.559872647e-03
5.88770e+03 3.482974663e-03
5.88860e+03 3.295814956e-03
5.88950e+03 3.092787229e-03
5.89040e+03 3.077156969e-03
5.89130e+03 3.248198055e-03
5.89220e+03 3.403894138e-03
5.89310e+03 3.447155864e-03
5.89400e+03 3.396819354e-03
5.89490e+03 3.256844612e-03
5.89580e+03 3.138593697e-03
5.89670e+03 3.189663543e-03
5.89760e+03 3.329506939e-03
5.89850e+03 3.395314415e-03
5.89940e+03 3.393885631e-03
5.90030e+03 3.408258144e-03
5.90120e+03 3.441013653e-03
5.90210e+03 3.460166545e-03
5.90300e+03 3.465099185e-03
5.90390e+03 3.458217500e-03
5.90480e+03 3.436152293e-03
5.90570e+03 3.414755381e-03
5.90660e+03 3.416151499e-03
5.90750e+03 3.435497693e-03
5.90840e+03 3.448100559e-03
5.90930e+03 3.447599802e-03
5.91020e+03 3.450314003e-03
5.91110e+03 3.459270286e-03
5.91200e+03 3.452421751e-03
5.91290e+03 3.421197998e-03
5.91380e+03 3.388425120e-03
5.91470e+03 3.381451850e-03
5.91560e+03 3.393321799e-03
5.91650e+03 3.414023878e-03
5.91740e+03 3.435192405e-03
5.91830e+03 3.441615851e-03
5.91920e+03 3.443795409e-03
5.92010e+03 3.449403915e-03
5.92100e+03 3.443874415e-03
5.92190e+03 3.425627910e-03
5.92280e+03 3.416000924e-03
5.92370e+03 3.421334729e-03
5.92460e+03 3.432114611e-03
5.92550e+03 3.445227156e-03
5.92640e+03 3.453265590e-03
5.92730e+03 3.445703387e-03
5.92820e+03 3.427328499e-03
5.92910e+03 3.406007063e-03
5.93000e+03 3.401189580e-03
5.93090e+03 3.426429478e-03
5.93180e+03 3.454664200e-03
5.93270e+03 3.457678929e-03
5.93360e+03 3.432922043e-03
5.93450e+03 3.412860199e-03
5.93540e+03 3.426765334e-03
5.93630e+03 3.455463407e-03
5.93720e+03 3.473444351e-03
5.93810e+03 3.488852871e-03
5.93900e+03 3.495896509e-03
5.93990e+03 3.470841939e-03
5.94080e+03 3.431143483e-03
5.94170e+03 3.419439972e-03
5.94260e+03 3.437589564e-03
5.94350e+03 3.458664801e-03
5.94440e+03 3.477677285e-03
5.94530e+03 3.497665315e-03
5.94620e+03 3.503019643e-03
5.94710e+03 3.476587379e-03
5.94800e+03 3.424197051e-03
5.94890e+03 3.387182106e-03
5.94980e+03 3.396145807e-03
5.95070e+03 3.426311094e-03
5.95160e+03 3.431475117e-03
5.95250e+03 3.415917946e-03
5.95340e+03 3.419881950e-03
5.95430e+03 3.436589300e-03
5.95520e+03 3.423263555e-03
5.95610e+03 3.387191073e-03
5.95700e+03 3.370384264e-03
5.95790e+03 3.383536358e-03
5.95880e+03 3.411098761e-03
5.95970e+03 3.442090302e-03
5.96060e+03 3.463665082e-03
5.96150e+03 3.470988441e-03
5.96240e+03 3.467925646e-03
5.96330e+03 3.462493498e-03
5.96420e+03 3.456039051e-03
5.96510e+03 3.445529307e-03
5.96600e+03 3.444608900e-03
5.96690e+03 3.458392130e-03
5.96780e+03 3.471032710e-03
5.96870e+03 3.478278064e-03
5.96960e+03 3.486516003e-03
5.97050e+03 3.493012542e-03
5.97140e+03 3.490359813e-03
5.97230e+03 3.480679248e-03
5.97320e+03 3.472909666e-03
5.97410e+03 3.464044562e-03
5.97500e+03 3.443359141e-03
5.97590e+03 3.415961993e-03
5.97680e+03 3.396348979e-03
5.97770e+03 3.391168862e-03
5.97860e+03 3.405166898e-03
5.97950e+03 3.437684145e-03
5.98040e+03 3.465108470e-03
5.98130e+03 3.467327312e-03
5.98220e+03 3.445162934e-03
5.98310e+03 3.403781979e-03
5.98400e+03 3.372468416e-03
5.98490e+03 3.390471545e-03
5.98580e+03 3.435690118e-03
5.98670e+03 3.455496194e-03
5.98760e+03 3.452831245e-03
5.98850e+03 3.457533015e-03
5.98940e+03 3.468246169e-03
5.99030e+03 3.465059143e-03
5.99120e+03 3.455098166e-03
5.99210e+03 3.473330894e-03
5.99300e+03 3.515479271e-03
5.99390e+03 3.541908835e-03
5.99480e+03 3.537181866e-03
5.99570e+03 3.517162468e-03
5.99660e+03 3.493562453e-03
5.99750e+03 3.471692849e-03
5.99840e+03 3.460861888e-03
5.99930e+03 3.457095672e-03
6.00020e+03 3.456716459e-03
6.00110e+03 3.452370606e-03
6.00200e+03 3.438708455e-03
6.00290e+03 3.435561938e-03
6.00380e+03 3.453702019e-03
6.00470e+03 3.462906973e-03
6.00560e+03 3.445007366e-03
6.00650e+03 3.409669944e-03
6.00740e+03 3.375773495e-03
6.00830e+03 3.372865814e-03
6.00920e+03 3.416137989e-03
6.01010e+03 3.464625254e-03
6.01100e+03 3.474539211e-03
6.01190e+03 3.448149941e-03
6.01280e+03 3.418609255e-03
6.01370e+03 3.422225538e-03
6.01460e+03 3.448590701e-03
6.01550e+03 3.452944501e-03
6.01640e+03 3.433187681e-03
6.01730e+03 3.426785008e-03
6.01820e+03 3.441192117e-03
6.01910e+03 3.448446322e-03
6.02000e+03 3.442368713e-03
6.02090e+03 3.440795622e-03
6.02180e+03 3.449232230e-03
6.02270e+03 3.457226072e-03
6.02360e+03 3.453249782e-03
6.02450e+03 3.462340187e-03
6.02540e+03 3.484661879e-03
6.02630e+03 3.488806237e-03
6.02720e+03 3.485917328e-03
6.02810e+03 3.500709721e-03
6.02900e+03 3.515542245e-03
6.02990e+03 3.508448614e-03
6.03080e+03 3.490098788e-03
6.03170e+03 3.492030131e-03
6.03260e+03 3.518923951e-03
6.03350e+03 3.542109369e-03
6.03440e+03 3.542398973e-03
6.03530e+03 3.519619313e-03
6.03620e+03 3.492324243e-03
6.03710e+03 3.487259263e-03
6.03800e+03 3.497168871e-03
6.03890e+03 3.496671158e-03
6.03980e+03 3.495298037e-03
6.04070e+03 3.504735125e-03
6.04160e+03 3.513411589e-03
6.04250e+03 3.526332171e-03
6.04340e+03 3.547731283e-03
6.04430e+03 3.562228199e-03
6.04520e+03 3.562920059e-03
6.04610e+03 3.564530828e-03
6.04700e+03 3.571458107e-03
6.04790e+03 3.570994330e-03
6.04880e+03 3.564947380e-03
6.04970e+03 3.566560994e-03
6.05060e+03 3.564638040e-03
6.05150e+03 3.548230178e-03
6.05240e+03 3.528172004e-03
6.05330e+03 3.517113360e-03
6.05420e+03 3.518391596e-03
6.05510e+03 3.518444078e-03
6.05600e+03 3.505748818e-03
6.05690e+03 3.488442698e-03
6.05780e+03 3.484188043e-03
6.05870e+03 3.506635800e-03
6.05960e+03 3.537417272e-03
6.06050e+03 3.546696841e-03
6.06140e+03 3.533772672e-03
6.06230e+03 3.510036275e-03
6.06320e+03 3.481443347e-03
6.06410e+03 3.438211376e-03
6.06500e+03 3.403081469e-03
6.06590e+03 3.437697218e-03
6.06680e+03 3.520589520e-03
6.06770e+03 3.578239155e-03
6.06860e+03 3.594269059e-03
6.06950e+03 3.595903613e-03
6.07040e+03 3.597569180e-03
6.07130e+03 3.593649746e-03
6.07220e+03 3.579415506e-03
6.07310e+03 3.573596215e-03
6.07400e+03 3.580853463e-03
6.07490e+03 3.584686133e-03
6.07580e+03 3.580418035e-03
6.07670e+03 3.563171347e-03
6.07760e+03 3.525406009e-03
6.07850e+03 3.486177698e-03
6.07940e+03 3.475571438e-03
6.08030e+03 3.476949050e-03
6.08120e+03 3.461885083e-03
6.08210e+03 3.453786248e-03
6.08300e+03 3.478923698e-03
6.08390e+03 3.502246626e-03
6.08480e+03 3.495863574e-03
6.08570e+03 3.489536826e-03
6.08660e+03 3.504531930e-03
6.08750e+03 3.523964924e-03
6.08840e+03 3.517384990e-03
6.08930e+03 3.476269728e-03
6.09020e+03 3.446300150e-03
6.09110e+03 3.460765729e-03
6.09200e+03 3.480846949e-03
6.09290e+03 3.487184469e-03
6.09380e+03 3.515884610e-03
6.09470e+03 3.560874829e-03
6.09560e+03 3.571146831e-03
6.09650e+03 3.542629722e-03
6.09740e+03 3.528104648e-03
6.09830e+03 3.552007708e-03
6.09920e+03 3.588656199e-03
6.10010e+03 3.598433990e-03
6.10100e+03 3.539974593e-03
6.10190e+03 3.423711153e-03
6.10280e+03 3.362609480e-03
6.10370e+03 3.415699762e-03
6.10460e+03 3.495427256e-03
6.10550e+03 3.533965703e-03
6.10640e+03 3.528288204e-03
6.10730e+03 3.505851148e-03
6.10820e+03 3.509006644e-03
6.10910e+03 3.527373619e-03
6.11000e+03 3.518985015e-03
6.11090e+03 3.494219103e-03
6.11180e+03 3.501532856e-03
6.11270e+03 3.540716026e-03
6.11360e+03 3.574937084e-03
6.11450e+03 3.580334260e-03
6.11540e+03 3.545979482e-03
6.11630e+03 3.512345973e-03
6.11720e+03 3.527094070e-03
6.11810e+03 3.542241061e-03
6.11900e+03 3.506519789e-03
6.11990e+03 3.451616495e-03
6.12080e+03 3.404554442e-03
6.12170e+03 3.380601007e-03
6.12260e+03 3.432106858e-03
6.12350e+03 3.530164511e-03
6.12440e+03 3.566694448e-03
6.12530e+03 3.531126967e-03
6.12620e+03 3.487058379e-03
6.12710e+03 3.457807746e-03
6.12800e+03 3.445944908e-03
6.12890e+03 3.478404266e-03
6.12980e+03 3.540925718e-03
6.13070e+03 3.573482092e-03
6.13160e+03 3.559935083e-03
6.13250e+03 3.536994379e-03
6.13340e+03 3.507539756e-03
6.13430e+03 3.449610073e-03
6.13520e+03 3.368492401e-03
6.13610e+03 3.272937994e-03
6.13700e+03 3.225690030e-03
6.13790e+03 3.309175736e-03
6.13880e+03 3.460912423e-03
6.13970e+03 3.535564225e-03
6.14060e+03 3.487990775e-03
6.14150e+03 3.412788082e-03
6.14240e+03 3.428088634e-03
6.14330e+03 3.519055281e-03
6.14420e+03 3.588130010e-03
6.14510e+03 3.597217481e-03
6.14600e+03 3.577106007e-03
6.14690e+03 3.538079497e-03
6.14780e+03 3.452027441e-03
6.14870e+03 3.340698979e-03
6.14960e+03 3.288245909e-03
6.15050e+03 3.325311774e-03
6.15140e+03 3.394363240e-03
6.15230e+03 3.439494018e-03
6.15320e+03 3.430152239e-03
6.15410e+03 3.381461580e-03
6.15500e+03 3.352008896e-03
6.15590e+03 3.354254055e-03
6.15680e+03 3.340226979e-03
6.15770e+03 3.286193161e-03
6.15860e+03 3.221888731e-03
6.15950e+03 3.171470462e-03
6.16040e+03 3.109331850e-03
6.16130e+03 3.032149201e-03
6.16220e+03 2.994361263e-03
6.16310e+03 3.018665605e-03
6.16400e+03 3.068521768e-03
6.16490e+03 3.103411582e-03
6.16580e+03 3.119007019e-03
6.16670e+03 3.135735429e-03
6.16760e+03 3.142558079e-03
6.16850e+03 3.104576636e-03
6.16940e+03 3.054794430e-03
6.17030e+03 3.065908039e-03
6.17120e+03 3.125330986e-03
6.17210e+03 3.155124028e-03
6.17300e+03 3.135208553e-03
6.17390e+03 3.109133034e-03
6.17480e+03 3.099120719e-03
6.17570e+03 3.098133636e-03
6.17660e+03 3.104685430e-03
6.17750e+03 3.128322112e-03
6.17840e+03 3.155709765e-03
6.17930e+03 3.162444814e-03
6.18020e+03 3.160717695e-03
6.18110e+03 3.174312791e-03
6.18200e+03 3.181814294e-03
6.18290e+03 3.165657772e-03
6.18380e+03 3.145770182e-03
6.18470e+03 3.128572113e-03
6.18560e+03 3.092928187e-03
6.18650e+03 3.050580448e-03
6.18740e+03 3.035000963e-03
6.18830e+03 3.042096308e-03
6.18920e+03 3.039051829e-03
6.19010e+03 3.002067019e-03
6.19100e+03 2.954790795e-03
6.19190e+03 2.957492266e-03
6.19280e+03 3.009164612e-03
6.19370e+03 3.052140417e-03
6.19460e+03 3.069303723e-03
6.19550e+03 3.078116026e-03
6.19640e+03 3.092479474e-03
6.19730e+03 3.103666893e-03
6.19820e+03 3.090083193e-03
6.19910e+03 3.055641544e-03
6.20000e+03 3.037932646e-03
6.20090e+03 3.057630798e-03
6.20180e+03 3.091670610e-03
6.20270e+03 3.111334831e-03
6.20360e+03 3.111049733e-03
6.20450e+03 3.105600022e-03
6.20540e+03 3.109948082e-03
6.20630e+03 3.122216029e-03
6.20720e+03 3.129291242e-03
6.20810e+03 3.129183236e-03
6.20900e+03 3.122260189e-03
6.20990e+03 3.106542744e-03
6.21080e+03 3.090858222e-03
6.21170e+03 3.077687223e-03
6.21260e+03 3.044675029e-03
6.21350e+03 2.993975829e-03
6.21440e+03 2.954087573e-03
6.21530e+03 2.938500168e-03
6.21620e+03 2.956227292e-03
6.21710e+03 2.993502283e-03
6.21800e+03 3.008991193e-03
6.21890e+03 2.992945524e-03
6.21980e+03 2.982650776e-03
6.22070e+03 2.990872365e-03
6.22160e+03 2.993403485e-03
6.22250e+03 2.978537101e-03
6.22340e+03 2.958966899e-03
6.22430e+03 2.954957755e-03
6.22520e+03 2.969592237e-03
6.22610e+03 2.981616298e-03
6.22700e+03 2.985903781e-03
6.22790e+03 2.982968961e-03
6.22880e+03 2.957230868e-03
6.22970e+03 2.910300879e-03
6.23060e+03 2.883747816e-03
6.23150e+03 2.902473688e-03
6.23240e+03 2.934877850e-03
6.23330e+03 2.969660597e-03
6.23420e+03 3.008734951e-03
6.23510e+03 3.027848990e-03
6.23600e+03 3.019098006e-03
6.23690e+03 2.992606007e-03
6.23780e+03 2.957787241e-03
6.23870e+03 2.924726290e-03
6.23960e+03 2.910960093e-03
6.24050e+03 2.931164171e-03
6.24140e+03 2.956110503e-03
6.24230e+03 2.942732313e-03
6.24320e+03 2.917142650e-03
6.24410e+03 2.918828370e-03
6.24500e+03 2.928299560e-03
6.24590e+03 2.932512366e-03
6.24680e+03 2.952774723e-03
6.24770e+03 2.985458964e-03
6.24860e+03 3.010667978e-03
6.24950e+03 3.022445242e-03
6.25040e+03 3.019328656e-03
6.25130e+03 2.991048959e-03
6.25220e+03 2.955415992e-03
6.25310e+03 2.943570513e-03
6.25400e+03 2.952681312e-03
6.25490e+03 2.964340705e-03
6.25580e+03 2.954510540e-03
6.25670e+03 2.921769691e-03
6.25760e+03 2.891291700e-03
6.25850e+03 2.900291997e-03
6.25940e+03 2.955254483e-03
6.26030e+03 2.998593441e-03
6.26120e+03 3.015710591e-03
6.26210e+03 3.046342272e-03
6.26300e+03 3.077727537e-03
6.26390e+03 3.068863212e-03
6.26480e+03 3.032695721e-03
6.26570e+03 3.021644604e-03
6.26660e+03 3.037727399e-03
6.26750e+03 3.037805213e-03
6.26840e+03 3.018732119e-03
6.26930e+03 3.015211787e-03
6.27020e+03 3.030924047e-03
6.27110e+03 3.052142561e-03
6.27200e+03 3.066868934e-03
6.27290e+03 3.062802535e-03
6.27380e+03 3.048041755e-03
6.27470e+03 3.041515235e-03
6.27560e+03 3.043168333e-03
6.27650e+03 3.044882547e-03
6.27740e+03 3.045267702e-03
6.27830e+03 3.038267060e-03
6.27920e+03 3.011270050e-03
6.28010e+03 2.984847098e-03
6.28100e+03 2.994028917e-03
6.28190e+03 3.023694659e-03
6.28280e+03 3.049975530e-03
6.28370e+03 3.064578210e-03
6.28460e+03 3.061968880e-03
6.28550e+03 3.064985024e-03
6.28640e+03 3.088709190e-03
6.28730e+03 3.119206880e-03
6.28820e+03 3.141497523e-03
6.28910e+03 3.144336870e-03
6.29000e+03 3.127076694e-03
6.29090e+03 3.106007622e-03
6.29180e+03 3.087133652e-03
6.29270e+03 3.079607465e-03
6.29360e+03 3.088942471e-03
6.29450e+03 3.084114268e-03
6.29540e+03 3.048273406e-03
6.29630e+03 3.016223524e-03
6.29720e+03 3.021917538e-03
6.29810e+03 3.061402178e-03
6.29900e+03 3.102200337e-03
6.29990e+03 3.115996460e-03
6.30080e+03 3.099803990e-03
6.30170e+03 3.075734536e-03
6.30260e+03 3.075719104e-03
6.30350e+03 3.095336369e-03
6.30440e+03 3.099863564e-03
6.30530e+03 3.092063481e-03
6.30620e+03 3.114303475e-03
6.30710e+03 3.159641504e-03
6.30800e+03 3.186464376e-03
6.30890e+03 3.183884915e-03
6.30980e+03 3.159851085e-03
6.31070e+03 3.134745405e-03
6.31160e+03 3.133008201e-03
6.31250e+03 3.154165805e-03
6.31340e+03 3.160064018e-03
6.31430e+03 3.134851966e-03
6.31520e+03 3.122752920e-03
6.31610e+03 3.140218883e-03
6.31700e+03 3.135269407e-03
6.31790e+03 3.105641198e-03
6.31880e+03 3.111089345e-03
6.31970e+03 3.140016880e-03
6.32060e+03 3.146058158e-03
6.32150e+03 3.135789274e-03
6.32240e+03 3.140509849e-03
6.32330e+03 3.160730624e-03
6.32420e+03 3.167943194e-03
6.32510e+03 3.168992435e-03
6.32600e+03 3.180951759e-03
6.32690e+03 3.193561525e-03
6.32780e+03 3.208746012e-03
6.32870e+03 3.212265381e-03
6.32960e+03 3.192905845e-03
6.33050e+03 3.186089330e-03
6.33140e+03 3.209704883e-03
6.33230e+03 3.239816959e-03
6.33320e+03 3.244802638e-03
6.33410e+03 3.198482986e-03
6.33500e+03 3.124330216e-03
6.33590e+03 3.096104851e-03
6.33680e+03 3.132493176e-03
6.33770e+03 3.178265491e-03
6.33860e+03 3.201154082e-03
6.33950e+03 3.223745982e-03
6.34040e+03 3.251394062e-03
6.34130e+03 3.256190969e-03
6.34220e+03 3.228475234e-03
6.34310e+03 3.177461594e-03
6.34400e+03 3.126330911e-03
6.34490e+03 3.108237665e-03
6.34580e+03 3.116577830e-03
6.34670e+03 3.127488161e-03
6.34760e+03 3.155588139e-03
6.34850e+03 3.201535139e-03
6.34940e+03 3.225663094e-03
6.35030e+03 3.215655886e-03
6.35120e+03 3.190924728e-03
6.35210e+03 3.172240328e-03
6.35300e+03 3.152763327e-03
6.35390e+03 3.121336785e-03
6.35480e+03 3.102452954e-03
6.35570e+03 3.110477505e-03
6.35660e+03 3.105841763e-03
6.35750e+03 3.061600654e-03
6.35840e+03 3.016199713e-03
6.35930e+03 3.011569401e-03
6.36020e+03 3.032320056e-03
6.36110e+03 3.039232616e-03
6.36200e+03 3.034805465e-03
6.36290e+03 3.042608782e-03
6.36380e+03 3.065857005e-03
6.36470e+03 3.093905401e-03
6.36560e+03 3.118792200e-03
6.36650e+03 3.147445969e-03
6.36740e+03 3.186525940e-03
6.36830e+03 3.209894280e-03
6.36920e+03 3.197454943e-03
6.37010e+03 3.172284831e-03
6.37100e+03 3.168496295e-03
6.37190e+03 3.201349458e-03
6.37280e+03 3.243495694e-03
6.37370e+03 3.259241718e-03
6.37460e+03 3.258181777e-03
6.37550e+03 3.263800003e-03
6.37640e+03 3.265301068e-03
6.37730e+03 3.231874027e-03
6.37820e+03 3.177098180e-03
6.37910e+03 3.160458516e-03
6.38000e+03 3.183990663e-03
6.38090e+03 3.208921221e-03
6.38180e+03 3.229963639e-03
6.38270e+03 3.233944671e-03
6.38360e+03 3.206200524e-03
6.38450e+03 3.179334608e-03
6.38540e+03 3.186179317e-03
6.38630e+03 3.213559518e-03
6.38720e+03 3.230807946e-03
6.38810e+03 3.231965857e-03
6.38900e+03 3.230070057e-03
6.38990e+03 3.229835769e-03
6.39080e+03 3.221965239e-03
6.39170e+03 3.184940753e-03
6.39260e+03 3.127661495e-03
6.39350e+03 3.108807028e-03
6.39440e+03 3.155534429e-03
6.39530e+03 3.219850348e-03
6.39620e+03 3.263722893e-03
6.39710e+03 3.283196809e-03
6.39800e+03 3.263297249e-03
6.39890e+03 3.184068384e-03
6.39980e+03 3.107879451e-03
6.40070e+03 3.137177405e-03
6.40160e+03 3.228206421e-03
6.40250e+03 3.290512979e-03
6.40340e+03 3.315059821e-03
6.40430e+03 3.318364647e-03
6.40520e+03 3.307102213e-03
6.40610e+03 3.282746234e-03
6.40700e+03 3.246770444e-03
6.40790e+03 3.235908713e-03
6.40880e+03 3.274877599e-03
6.40970e+03 3.299982062e-03
6.41060e+03 3.262475221e-03
6.41150e+03 3.203873891e-03
6.41240e+03 3.176648067e-03
6.41330e+03 3.180124164e-03
6.41420e+03 3.194885220e-03
6.41510e+03 3.213419799e-03
6.41600e+03 3.228914295e-03
6.41690e+03 3.226078784e-03
6.41780e+03 3.210241025e-03
6.41870e+03 3.177571757e-03
6.41960e+03 3.120224969e-03
6.42050e+03 3.073498997e-03
6.42140e+03 3.094787199e-03
6.42230e+03 3.174362238e-03
6.42320e+03 3.229496824e-03
6.42410e+03 3.231218039e-03
6.42500e+03 3.222550840e-03
6.42590e+03 3.232802585e-03
6.42680e+03 3.252612077e-03
6.42770e+03 3.260935961e-03
6.42860e+03 3.234288044e-03
6.42950e+03 3.162037235e-03
6.43040e+03 3.092120144e-03
6.43130e+03 3.099600660e-03
6.43220e+03 3.161110889e-03
6.43310e+03 3.207223763e-03
6.43400e+03 3.226756835e-03
6.43490e+03 3.244235931e-03
6.43580e+03 3.273440752e-03
6.43670e+03 3.282723626e-03
6.43760e+03 3.239850777e-03
6.43850e+03 3.186487347e-03
6.43940e+03 3.203346898e-03
6.44030e+03 3.279195474e-03
6.44120e+03 3.338890019e-03
6.44210e+03 3.355337169e-03
6.44300e+03 3.349620694e-03
6.44390e+03 3.339118577e-03
6.44480e+03 3.331666508e-03
6.44570e+03 3.324899363e-03
6.44660e+03 3.299285699e-03
6.44750e+03 3.238386002e-03
6.44840e+03 3.143914080e-03
6.44930e+03 3.058419733e-03
6.45020e+03 3.054651747e-03
6.45110e+03 3.122172874e-03
6.45200e+03 3.196149684e-03
6.45290e+03 3.252523097e-03
6.45380e+03 3.267730828e-03
6.45470e+03 3.231188174e-03
6.45560e+03 3.189634180e-03
6.45650e+03 3.195775973e-03
6.45740e+03 3.249289902e-03
6.45830e+03 3.307375502e-03
6.45920e+03 3.342413472e-03
6.46010e+03 3.343379080e-03
6.46100e+03 3.283288114e-03
6.46190e+03 3.184644511e-03
6.46280e+03 3.152941900e-03
6.46370e+03 3.211267228e-03
6.46460e+03 3.274967097e-03
6.46550e+03 3.303415390e-03
6.46640e+03 3.315118566e-03
6.46730e+03 3.329277752e-03
6.46820e+03 3.330844487e-03
6.46910e+03 3.313256350e-03
6.47000e+03 3.293939494e-03
6.47090e+03 3.279558099e-03
6.47180e+03 3.273926954e-03
6.47270e+03 3.249926656e-03
6.47360e+03 3.189886866e-03
6.47450e+03 3.139456423e-03
6.47540e+03 3.146720570e-03
6.47630e+03 3.198093382e-03
6.47720e+03 3.233020076e-03
6.47810e+03 3.224110947e-03
6.47900e+03 3.197045851e-03
6.47990e+03 3.158106463e-03
6.48080e+03 3.093805216e-03
6.48170e+03 3.027226851e-03
6.48260e+03 3.001638360e-03
6.48350e+03 3.014764362e-03
6.48440e+03 3.041562952e-03
6.48530e+03 3.070360011e-03
6.48620e+03 3.095046659e-03
6.48710e+03 3.113191162e-03
6.48800e+03 3.117679809e-03
6.48890e+03 3.098529869e-03
6.48980e+03 3.069444756e-03
6.49070e+03 3.059020715e-03
6.49160e+03 3.063273198e-03
6.49250e+03 3.036594881e-03
6.49340e+03 2.952675308e-03
6.49430e+03 2.860481028e-03
6.49520e+03 2.814036216e-03
6.49610e+03 2.808348889e-03
6.49700e+03 2.838124456e-03
6.49790e+03 2.887820970e-03
6.49880e+03 2.930303853e-03
6.49970e+03 2.977013020e-03
6.50060e+03 3.023039037e-03
6.50150e+03 3.055566290e-03
6.50240e+03 3.074018247e-03
6.50330e+03 3.081505205e-03
6.50420e+03 3.092438783e-03
6.50510e+03 3.109892708e-03
6.50600e+03 3.114829558e-03
6.50690e+03 3.089247831e-03
6.50780e+03 3.051674229e-03
6.50870e+03 3.048397222e-03
6.50960e+03 3.082038748e-03
6.51050e+03 3.111151763e-03
6.51140e+03 3.111077127e-03
6.51230e+03 3.100362237e-03
6.51320e+03 3.092598311e-03
6.51410e+03 3.075308731e-03
6.51500e+03 3.046904573e-03
6.51590e+03 3.024072761e-03
6.51680e+03 3.014763795e-03
6.51770e+03 3.012350209e-03
6.51860e+03 3.023995211e-03
6.51950e+03 3.061034755e-03
6.52040e+03 3.101517793e-03
6.52130e+03 3.122607014e-03
6.52220e+03 3.125870799e-03
6.52310e+03 3.128158696e-03
6.52400e+03 3.136920086e-03
6.52490e+03 3.135146118e-03
6.52580e+03 3.106905398e-03
6.52670e+03 3.080707898e-03
6.52760e+03 3.093457150e-03
6.52850e+03 3.127350855e-03
6.52940e+03 3.151531349e-03
6.53030e+03 3.148803646e-03
6.53120e+03 3.122956491e-03
6.53210e+03 3.101783353e-03
6.53300e+03 3.106912549e-03
6.53390e+03 3.137047322e-03
6.53480e+03 3.172399309e-03
6.53570e+03 3.182202363e-03
6.53660e+03 3.161743631e-03
6.53750e+03 3.147960640e-03
6.53840e+03 3.170426666e-03
6.53930e+03 3.206387110e-03
6.54020e+03 3.215059330e-03
6.54110e+03 3.185819887e-03
6.54200e+03 3.129306986e-03
6.54290e+03 3.079452246e-03
6.54380e+03 3.077267574e-03
6.54470e+03 3.133060823e-03
6.54560e+03 3.264746537e-03
6.54650e+03 3.494459085e-03
6.54740e+03 3.731792638e-03
6.54830e+03 3.812429322e-03
6.54920e+03 3.673905577e-03
6.55010e+03 3.410838661e-03
6.55100e+03 3.172946328e-03
6.55190e+03 3.036246359e-03
6.55280e+03 2.967877727e-03
6.55370e+03 2.916493275e-03
6.55460e+03 2.874170462e-03
6.55550e+03 2.855088520e-03
6.55640e+03 2.877879247e-03
6.55730e+03 2.974358947e-03
6.55820e+03 3.286699886e-03
6.55910e+03 4.174651321e-03
6.56000e+03 6.111184836e-03
6.56090e+03 9.145407996e-03
6.56180e+03 1.236788498e-02
6.56270e+03 1.422711183e-02
6.56360e+03 1.361308547e-02
6.56450e+03 1.084952751e-02
6.56540e+03 7.493046661e-03
6.56630e+03 4.971978873e-03
6.56720e+03 3.640678790e-03
6.56810e+03 3.103260949e-03
6.56900e+03 2.934121362e-03
6.56990e+03 2.913826657e-03
6.57080e+03 2.922070773e-03
6.57170e+03 2.899073392e-03
6.57260e+03 2.866574473e-03
6.57350e+03 2.857077363e-03
6.57440e+03 2.874268435e-03
6.57530e+03 2.914779757e-03
6.57620e+03 2.955602016e-03
6.57710e+03 2.968160814e-03
6.57800e+03 2.970104516e-03
6.57890e+03 3.017904851e-03
6.57980e+03 3.185984818e-03
6.58070e+03 3.581068242e-03
6.58160e+03 4.240006228e-03
6.58250e+03 4.949228066e-03
6.58340e+03 5.325749664e-03
6.58430e+03 5.141301411e-03
6.58520e+03 4.529956119e-03
6.58610e+03 3.862003504e-03
6.58700e+03 3.409419690e-03
6.58790e+03 3.189691524e-03
6.58880e+03 3.102883030e-03
6.58970e+03 3.069625310e-03
6.59060e+03 3.034799403e-03
6.59150e+03 2.966588301e-03
6.59240e+03 2.880272650e-03
6.59330e+03 2.843641372e-03
6.59420e+03 2.887462333e-03
6.59510e+03 2.957517968e-03
6.59600e+03 2.993305602e-03
6.59690e+03 2.980806605e-03
6.59780e+03 2.942510651e-03
6.59870e+03 2.930236267e-03
6.59960e+03 2.966307953e-03
6.60050e+03 3.011700917e-03
6.60140e+03 3.033368485e-03
6.60230e+03 3.033588661e-03
6.60320e+03 3.016917587e-03
6.60410e+03 2.984843821e-03
6.60500e+03 2.958808460e-03
6.60590e+03 2.953699872e-03
6.60680e+03 2.951973192e-03
6.60770e+03 2.931135168e-03
6.60860e+03 2.906753158e-03
6.60950e+03 2.923042082e-03
6.61040e+03 2.983175270e-03
6.61130e+03 3.027450738e-03
6.61220e+03 3.016611498e-03
6.61310e+03 2.980810351e-03
6.61400e+03 2.975737446e-03
6.61490e+03 3.002770833e-03
6.61580e+03 3.023116738e-03
6.61670e+03 3.018438524e-03
6.61760e+03 2.999661956e-03
6.61850e+03 2.991153941e-03
6.61940e+03 2.998722215e-03
6.62030e+03 3.008898809e-03
6.62120e+03 3.004164422e-03
6.62210e+03 2.982731282e-03
6.62300e+03 2.945765059e-03
6.62390e+03 2.898910424e-03
6.62480e+03 2.872548836e-03
6.62570e+03 2.885000096e-03
6.62660e+03 2.912275496e-03
6.62750e+03 2.929104437e-03
6.62840e+03 2.933400765e-03
6.62930e+03 2.934348873e-03
6.63020e+03 2.942201172e-03
6.63110e+03 2.948650034e-03
6.63200e+03 2.936818945e-03
6.63290e+03 2.906518897e-03
6.63380e+03 2.879181134e-03
6.63470e+03 2.874108952e-03
6.63560e+03 2.890260220e-03
6.63650e+03 2.912977798e-03
6.63740e+03 2.929505853e-03
6.63830e+03 2.933647620e-03
6.63920e+03 2.931390442e-03
6.64010e+03 2.941139651e-03
6.64100e+03 2.958898727e-03
6.64190e+03 2.947072509e-03
6.64280e+03 2.902740588e-03
6.64370e+03 2.881424517e-03
6.64460e+03 2.904643691e-03
6.64550e+03 2.931282763e-03
6.64640e+03 2.934274513e-03
6.64730e+03 2.924791182e-03
6.64820e+03 2.916236627e-03
6.64910e+03 2.894338518e-03
6.65000e+03 2.845971820e-03
6.65090e+03 2.792696172e-03
6.65180e+03 2.771068333e-03
6.65270e+03 2.784631166e-03
6.65360e+03 2.808479318e-03
6.65450e+03 2.820669103e-03
6.65540e+03 2.815302976e-03
6.65630e+03 2.804994617e-03
6.65720e+03 2.805919399e-03
6.65810e+03 2.815773818e-03
6.65900e+03 2.821274250e-03
6.65990e+03 2.817489237e-03
6.66080e+03 2.811348880e-03
6.66170e+03 2.797580516e-03
6.66260e+03 2.774496047e-03
6.66350e+03 2.773373673e-03
6.66440e+03 2.801202091e-03
6.66530e+03 2.820925273e-03
6.66620e+03 2.820660382e-03
6.66710e+03 2.820102916e-03
6.66800e+03 2.834475711e-03
6.66890e+03 2.857917225e-03
6.66980e+03 2.876908769e-03
6.67070e+03 2.886548695e-03
6.67160e+03 2.887140382e-03
6.67250e+03 2.881822068e-03
6.67340e+03 2.877783992e-03
6.67430e+03 2.877151908e-03
6.67520e+03 2.871169533e-03
6.67610e+03 2.828043492e-03
6.67700e+03 2.740561563e-03
6.67790e+03 2.675903984e-03
6.67880e+03 2.684369265e-03
6.67970e+03 2.707475869e-03
6.68060e+03 2.696858780e-03
6.68150e+03 2.687979402e-03
6.68240e+03 2.711585777e-03
6.68330e+03 2.744551109e-03
6.68420e+03 2.758935990e-03
6.68510e+03 2.756617660e-03
6.68600e+03 2.751734763e-03
6.68690e+03 2.747644288e-03
6.68780e+03 2.750328374e-03
6.68870e+03 2.760731422e-03
6.68960e+03 2.769970624e-03
6.69050e+03 2.774927791e-03
6.69140e+03 2.775757146e-03
6.69230e+03 2.772695895e-03
6.69320e+03 2.770586029e-03
6.69410e+03 2.765573076e-03
6.69500e+03 2.751141223e-03
6.69590e+03 2.740496866e-03
6.69680e+03 2.747329747e-03
6.69770e+03 2.765149288e-03
6.69860e+03 2.785262855e-03
6.69950e+03 2.804272453e-03
6.70040e+03 2.814758287e-03
6.70130e+03 2.815116720e-03
6.70220e+03 2.805654227e-03
6.70310e+03 2.790829798e-03
6.70400e+03 2.780710273e-03
6.70490e+03 2.781602836e-03
6.70580e+03 2.791565972e-03
6.70670e+03 2.802606059e-03
6.70760e+03 2.808830980e-03
6.70850e+03 2.808648342e-03
6.70940e+03 2.800481867e-03
6.71030e+03 2.796034482e-03
6.71120e+03 2.805910581e-03
6.71210e+03 2.824868620e-03
6.71300e+03 2.864407220e-03
6.71390e+03 2.968230365e-03
6.71480e+03 3.156054808e-03
6.71570e+03 3.348419135e-03
6.71660e+03 3.406959578e-03
6.71750e+03 3.287952194e-03
6.71840e+03 3.082316192e-03
6.71930e+03 2.894482947e-03
6.72020e+03 2.767101989e-03
6.72110e+03 2.697436636e-03
6.72200e+03 2.672362749e-03
6.72290e+03 2.675659571e-03
6.72380e+03 2.681621323e-03
6.72470e+03 2.677551418e-03
6.72560e+03 2.678614164e-03
6.72650e+03 2.707238625e-03
6.72740e+03 2.782004624e-03
6.72830e+03 2.915249823e-03
6.72920e+03 3.097764619e-03
6.73010e+03 3.268570440e-03
6.73100e+03 3.334583289e-03
6.73190e+03 3.254756249e-03
6.73280e+03 3.078752704e-03
6.73370e+03 2.901011436e-03
6.73460e+03 2.787233043e-03
6.73550e+03 2.741683392e-03
6.73640e+03 2.728632477e-03
6.73730e+03 2.717106096e-03
6.73820e+03 2.700179069e-03
6.73910e+03 2.693162399e-03
6.74000e+03 2.706405766e-03
6.74090e+03 2.718651723e-03
6.74180e+03 2.709318382e-03
6.74270e+03 2.697263715e-03
6.74360e+03 2.710336542e-03
6.74450e+03 2.732440025e-03
6.74540e+03 2.729461749e-03
6.74630e+03 2.697756774e-03
6.74720e+03 2.660451777e-03
6.74810e+03 2.638808662e-03
6.74900e+03 2.638990230e-03
6.74990e+03 2.654046381e-03
6.75080e+03 2.665926770e-03
6.75170e+03 2.656394591e-03
6.75260e+03 2.643410362e-03
6.75350e+03 2.657731265e-03
6.75440e+03 2.685378533e-03
6.75530e+03 2.703724508e-03
6.75620e+03 2.714742881e-03
6.75710e+03 2.724697452e-03
6.75800e+03 2.734255049e-03
6.75890e+03 2.745762114e-03
6.75980e+03 2.756329743e-03
6.76070e+03 2.755236276e-03
6.76160e+03 2.745295044e-03
6.76250e+03 2.746210648e-03
6.76340e+03 2.759605686e-03
6.76430e+03 2.766240032e-03
6.76520e+03 2.752556169e-03
6.76610e+03 2.729973183e-03
6.76700e+03 2.728302381e-03
6.76790e+03 2.750934576e-03
6.76880e+03 2.768057559e-03
6.76970e+03 2.764125360e-03
6.77060e+03 2.755969440e-03
6.77150e+03 2.766028833e-03
6.77240e+03 2.789273146e-03
6.77330e+03 2.807841993e-03
6.77420e+03 2.821693589e-03
6.77510e+03 2.833423815e-03
6.77600e+03 2.838876931e-03
6.77690e+03 2.835563075e-03
6.77780e+03 2.834547808e-03
6.77870e+03 2.838610421e-03
6.77960e+03 2.826325579e-03
6.78050e+03 2.783093897e-03
6.78140e+03 2.721426736e-03
6.78230e+03 2.669150259e-03
6.78320e+03 2.637950649e-03
6.78410e+03 2.625572343e-03
6.78500e+03 2.629991211e-03
6.78590e+03 2.647926052e-03
6.78680e+03 2.672945221e-03
6.78770e+03 2.695009590e-03
6.78860e+03 2.698569743e-03
6.78950e+03 2.689570897e-03
6.79040e+03 2.691446832e-03
6.79130e+03 2.704496902e-03
6.79220e+03 2.704602511e-03
6.79310e+03 2.693545197e-03
6.79400e+03 2.699179893e-03
6.79490e+03 2.714762193e-03
6.79580e+03 2.728720228e-03
6.79670e+03 2.743177543e-03
6.79760e+03 2.748139602e-03
6.79850e+03 2.749977933e-03
6.79940e+03 2.758849276e-03
6.80030e+03 2.771054636e-03
6.80120e+03 2.782747100e-03
6.80210e+03 2.784634902e-03
6.80300e+03 2.773267440e-03
6.80390e+03 2.765979390e-03
6.80480e+03 2.771355649e-03
6.80570e+03 2.771525473e-03
6.80660e+03 2.769424939e-03
6.80750e+03 2.784496946e-03
6.80840e+03 2.798098936e-03
6.80930e+03 2.793045685e-03
6.81020e+03 2.789803640e-03
6.81110e+03 2.794628120e-03
6.81200e+03 2.792379752e-03
6.81290e+03 2.779809898e-03
6.81380e+03 2.749907013e-03
6.81470e+03 2.717729920e-03
6.81560e+03 2.722696415e-03
6.81650e+03 2.758842259e-03
6.81740e+03 2.786566475e-03
6.81830e+03 2.787763402e-03
6.81920e+03 2.770044849e-03
6.82010e+03 2.758452685e-03
6.82100e+03 2.770390318e-03
6.82190e+03 2.793025246e-03
6.82280e+03 2.808127200e-03
6.82370e+03 2.813384269e-03
6.82460e+03 2.818805611e-03
6.82550e+03 2.828428915e-03
6.82640e+03 2.822560761e-03
6.82730e+03 2.796129483e-03
6.82820e+03 2.775458193e-03
6.82910e+03 2.781730323e-03
6.83000e+03 2.808292593e-03
6.83090e+03 2.823930399e-03
6.83180e+03 2.812160427e-03
6.83270e+03 2.804547477e-03
6.83360e+03 2.824894641e-03
6.83450e+03 2.853963062e-03
6.83540e+03 2.870018244e-03
6.83630e+03 2.868583831e-03
6.83720e+03 2.858207169e-03
6.83810e+03 2.841774624e-03
6.83900e+03 2.819832942e-03
6.83990e+03 2.797970407e-03
6.84080e+03 2.779319832e-03
6.84170e+03 2.779951205e-03
6.84260e+03 2.808366427e-03
6.84350e+03 2.850094996e-03
6.84440e+03 2.882043071e-03
6.84530e+03 2.889881325e-03
6.84620e+03 2.883587395e-03
6.84710e+03 2.879153683e-03
6.84800e+03 2.863948825e-03
6.84890e+03 2.826867571e-03
6.84980e+03 2.794774968e-03
6.85070e+03 2.786336398e-03
6.85160e+03 2.789655942e-03
6.85250e+03 2.795234754e-03
6.85340e+03 2.791264114e-03
6.85430e+03 2.769987964e-03
6.85520e+03 2.755430984e-03
6.85610e+03 2.765401068e-03
6.85700e+03 2.786193889e-03
6.85790e+03 2.805555983e-03
6.85880e+03 2.815623056e-03
6.85970e+03 2.801641248e-03
6.86060e+03 2.770161245e-03
6.86150e+03 2.762216791e-03
6.86240e+03 2.799993640e-03
6.86330e+03 2.849670747e-03
6.86420e+03 2.871994441e-03
6.86510e+03 2.871169783e-03
6.86600e+03 2.848132908e-03
6.86690e+03 2.794543819e-03
6.86780e+03 2.757492499e-03
6.86870e+03 2.781818858e-03
6.86960e+03 2.826134702e-03
6.87050e+03 2.837336319e-03
6.87140e+03 2.828968880e-03
6.87230e+03 2.827442427e-03
6.87320e+03 2.836834740e-03
6.87410e+03 2.849145540e-03
6.87500e+03 2.858851773e-03
6.87590e+03 2.869184230e-03
6.87680e+03 2.885595818e-03
6.87770e+03 2.902007088e-03
6.87860e+03 2.910860059e-03
6.87950e+03 2.912587563e-03
6.88040e+03 2.904484403e-03
6.88130e+03 2.881201794e-03
6.88220e+03 2.846036101e-03
6.88310e+03 2.831108063e-03
6.88400e+03 2.854134486e-03
6.88490e+03 2.876721777e-03
6.88580e+03 2.884964656e-03
6.88670e+03 2.895889370e-03
6.88760e+03 2.903605259e-03
6.88850e+03 2.902495450e-03
6.88940e+03 2.910310882e-03
6.89030e+03 2.924575166e-03
6.89120e+03 2.923512958e-03
6.89210e+03 2.914847748e-03
6.89300e+03 2.923459186e-03
6.89390e+03 2.944384514e-03
6.89480e+03 2.947683863e-03
6.89570e+03 2.929934855e-03
6.89660e+03 2.930037878e-03
6.89750e+03 2.956013069e-03
6.89840e+03 2.961518567e-03
6.89930e+03 2.933892143e-03
6.90020e+03 2.925157208e-03
6.90110e+03 2.965261018e-03
6.90200e+03 3.006181293e-03
6.90290e+03 3.003522133e-03
6.90380e+03 2.978379198e-03
6.90470e+03 2.979074182e-03
6.90560e+03 3.010808718e-03
6.90650e+03 3.033441038e-03
6.90740e+03 3.032953339e-03
6.90830e+03 3.026056814e-03
6.90920e+03 3.024709895e-03
6.91010e+03 3.019372959e-03
6.91100e+03 3.001734131e-03
6.91190e+03 2.979420942e-03
6.91280e+03 2.959410936e-03
6.91370e+03 2.948735763e-03
6.91460e+03 2.958961205e-03
6.91550e+03 2.979647677e-03
6.91640e+03 2.986429815e-03
6.91730e+03 2.971546394e-03
6.91820e+03 2.948788749e-03
6.91910e+03 2.943157954e-03
6.92000e+03 2.955300193e-03
6.92090e+03 2.967667441e-03
6.92180e+03 2.963399285e-03
6.92270e+03 2.934042972e-03
6.92360e+03 2.895869428e-03
6.92450e+03 2.873428187e-03
6.92540e+03 2.877783441e-03
6.92630e+03 2.908231449e-03
6.92720e+03 2.944104929e-03
6.92810e+03 2.960366741e-03
6.92900e+03 2.958269830e-03
6.92990e+03 2.955297233e-03
6.93080e+03 2.953680427e-03
6.93170e+03 2.940843146e-03
6.93260e+03 2.924421799e-03
6.93350e+03 2.931710556e-03
6.93440e+03 2.961247447e-03
6.93530e+03 2.983110281e-03
6.93620e+03 2.983446121e-03
6.93710e+03 2.975794655e-03
6.93800e+03 2.980455891e-03
6.93890e+03 3.004093698e-03
6.93980e+03 3.029935768e-03
6.94070e+03 3.032758056e-03
6.94160e+03 3.013105165e-03
6.94250e+03 2.989637363e-03
6.94340e+03 2.962627415e-03
6.94430e+03 2.931085939e-03
6.94520e+03 2.927208624e-03
6.94610e+03 2.968440856e-03
6.94700e+03 3.018040220e-03
6.94790e+03 3.045799081e-03
6.94880e+03 3.053144131e-03
6.94970e+03 3.036271267e-03
6.95060e+03 2.997657047e-03
6.95150e+03 2.961852283e-03
6.95240e+03 2.939133428e-03
6.95330e+03 2.932538587e-03
6.95420e+03 2.951615120e-03
6.95510e+03 2.989491175e-03
6.95600e+03 3.022082063e-03
6.95690e+03 3.034757758e-03
6.95780e+03 3.034015077e-03
6.95870e+03 3.038819338e-03
6.95960e+03 3.055796068e-03
6.96050e+03 3.071734383e-03
6.96140e+03 3.077232901e-03
6.96230e+03 3.082257103e-03
6.96320e+03 3.091197471e-03
6.96410e+03 3.088975217e-03
6.96500e+03 3.073577345e-03
6.96590e+03 3.074626684e-03
6.96680e+03 3.104370437e-03
6.96770e+03 3.131637597e-03
6.96860e+03 3.131018030e-03
6.96950e+03 3.107713969e-03
6.97040e+03 3.081973255e-03
6.97130e+03 3.078800710e-03
6.97220e+03 3.100783962e-03
6.97310e+03 3.119597025e-03
6.97400e+03 3.113909203e-03
6.97490e+03 3.091367961e-03
6.97580e+03 3.061439299e-03
6.97670e+03 3.010220282e-03
6.97760e+03 2.941553429e-03
6.97850e+03 2.915608880e-03
6.97940e+03 2.966929760e-03
6.98030e+03 3.048956861e-03
6.98120e+03 3.105220245e-03
6.98210e+03 3.128506217e-03
6.98300e+03 3.137923522e-03
6.98390e+03 3.150129313e-03
6.98480e+03 3.164455332e-03
6.98570e+03 3.165239104e-03
6.98660e+03 3.141731463e-03
6.98750e+03 3.094485072e-03
6.98840e+03 3.038040194e-03
6.98930e+03 3.005136946e-03
6.99020e+03 3.021347824e-03
6.99110e+03 3.069911185e-03
6.99200e+03 3.105295233e-03
6.99290e+03 3.107335378e-03
6.99380e+03 3.087618208e-03
6.99470e+03 3.068975849e-03
6.99560e+03 3.067744761e-03
6.99650e+03 3.082349928e-03
6.99740e+03 3.090561659e-03
